loc,t,aDotUA,bDotUA,gDotUA,aUA,bUA,gUA,xUA,yUA,zUA,aDotE,bDotE,gDotE,aE,bE,gE,xE,yE,zE,aDotSH,bDotSH,gDotSH,aSH,bSH,gSH,xSH,ySH,zSH,aDotUB,bDotUB,gDotUB,aUB,bUB,gUB,xUB,yUB,zUB,xHand,yHand,zHand,aHand,bHand,gHand
1,0,0.6995122,-0.4380101,-0.4875592,-1.443869,-4.403694,3.003345,0.754882,1.150473,0.4217069,-0.08467755,0.4361583,-0.3124434,-1.504483,-4.299064,1.474133,0.6474551,1.023737,0.3890896,-0.2645931,0.1966073,-0.1620702,-0.5414686,-4.194419,-0.2402403,0.7449378,1.354743,0.3340592,-0.04512367,0.1863659,0.0007152902,-0.8842611,0.1094632,-0.04939818,0.824237,1.417114,0.1881392,0.5146639,0.9875885,0.2711942,291.9719,235.8185,13.62369
1,0.01111111,0.6995122,-0.4380101,-0.4875592,-1.443869,-4.403694,3.003345,0.754882,1.150473,0.4217069,-0.08467755,0.4361583,-0.3124434,-1.504483,-4.299064,1.474133,0.6474551,1.023737,0.3890896,-0.2645931,0.1966073,-0.1620702,-0.5414686,-4.194419,-0.2402403,0.7449378,1.354743,0.3340592,-0.04512367,0.1863659,0.0007152902,-0.8842611,0.1094632,-0.04939818,0.824237,1.417114,0.1881392,0.5146639,0.9875885,0.2711942,291.9719,235.8185,13.62369
1,0.02222222,0.6995122,-0.4380101,-0.4875592,-1.443869,-4.403694,3.003345,0.754882,1.150473,0.4217069,-0.08467755,0.4361583,-0.3124434,-1.504483,-4.299064,1.474133,0.6474551,1.023737,0.3890896,-0.2645931,0.1966073,-0.1620702,-0.5414686,-4.194419,-0.2402403,0.7449378,1.354743,0.3340592,-0.04512367,0.1863659,0.0007152902,-0.8842611,0.1094632,-0.04939818,0.824237,1.417114,0.1881392,0.5146639,0.9875885,0.2711942,291.9719,235.8185,13.62369
1,0.03333334,0.7330006,-1.229102,-0.6244041,-1.428944,-4.336068,2.992993,0.7479396,1.149789,0.4217794,0.09765311,0.5673437,-1.291022,-1.491102,-4.238187,1.438169,0.6431139,1.019781,0.384438,-0.3410369,0.2608622,-0.1631724,-0.5491459,-4.177886,-0.2413583,0.7420667,1.354054,0.3333902,-0.1107199,0.2644696,0.01166659,-0.8841178,0.122939,-0.05304378,0.8235574,1.416898,0.1886456,0.516943,0.9840242,0.2669099,290.5553,224.3655,27.71192
1,0.04444445,0.6656044,-1.31431,-0.569642,-1.425939,-4.31913,2.99035,0.7461355,1.149644,0.4217036,0.1147406,0.5440836,-1.343327,-1.489986,-4.221442,1.430992,0.6419494,1.018562,0.3829007,-0.3569692,0.2769232,-0.1650565,-0.5517015,-4.172099,-0.2417775,0.7411033,1.353759,0.3332262,-0.1191543,0.2719853,0.01704017,-0.8839447,0.1270325,-0.05411037,0.8233247,1.416831,0.1887431,0.517211,0.98326,0.2657306,289.9985,222.5249,30.14974
1,0.05555556,0.5270621,-1.295445,-0.4010631,-1.42585,-4.300939,2.986632,0.7443749,1.149202,0.4217384,0.1400502,0.469595,-1.399639,-1.49403,-4.208256,1.428879,0.6411101,1.017968,0.3816488,-0.3854501,0.3344964,-0.1569116,-0.5545202,-4.1619,-0.2451112,0.7399949,1.353501,0.3330545,-0.130687,0.2976367,0.02449679,-0.8836102,0.1326281,-0.05575168,0.8230404,1.416796,0.1889801,0.5176697,0.9830391,0.2643943,289.2673,221.4748,31.86231
1,0.06666667,0.3520488,-1.164527,-0.2265483,-1.430449,-4.292251,2.985223,0.7431839,1.1487,0.4216235,0.121148,0.2979393,-1.281627,-1.499063,-4.201069,1.430765,0.6404031,1.017716,0.3807063,-0.3894612,0.3791605,-0.1458404,-0.5572606,-4.151608,-0.2494192,0.7389864,1.353184,0.332787,-0.1528539,0.3329101,0.02988595,-0.8833572,0.1391809,-0.05731469,0.8228331,1.416846,0.1893215,0.517549,0.9832686,0.2631627,288.3361,223.0439,30.60901
1,0.07777778,0.2373051,-1.030423,-0.1014383,-1.437178,-4.292095,2.986025,0.7422682,1.148464,0.4216676,0.06888597,0.1041909,-1.022529,-1.503605,-4.19524,1.432401,0.6396688,1.017669,0.3797855,-0.3860978,0.3842533,-0.1213116,-0.5587791,-4.143418,-0.2522136,0.7380803,1.353009,0.332593,-0.1752074,0.3415217,0.02793586,-0.8833444,0.1445821,-0.05787289,0.8225557,1.416844,0.1895764,0.5170317,0.9840974,0.2618826,287.671,225.9331,27.78188
1,0.08888889,0.05459331,-0.851491,0.0002569109,-1.440462,-4.290618,2.986123,0.7412932,1.148367,0.4212487,0.04096919,0.004443884,-0.8262398,-1.507164,-4.192861,1.438664,0.6388316,1.018169,0.3789134,-0.3721154,0.3700546,-0.08850271,-0.5593821,-4.137061,-0.2539918,0.737218,1.352862,0.3323994,-0.1741226,0.3393984,0.03112661,-0.883126,0.1492645,-0.05898156,0.8222241,1.416789,0.1898358,0.5161525,0.9849129,0.260512,287.3013,228.7625,24.83668
1,0.1,-0.05274002,-0.7479535,0.006373405,-1.441656,-4.291155,2.989701,0.7403432,1.148612,0.4210281,-0.04522902,-0.02034587,-0.626665,-1.507651,-4.188453,1.443229,0.6377654,1.018507,0.3779588,-0.3209689,0.2990799,-0.03830712,-0.5579642,-4.135286,-0.2539763,0.7366821,1.352873,0.3323083,-0.1636344,0.3169436,0.02367149,-0.8832192,0.1526325,-0.05979143,0.8220253,1.416741,0.1899843,0.5154582,0.9861937,0.25948,286.7569,230.9968,22.67922
1,0.1111111,-0.154983,-0.6508046,-0.001760922,-1.442096,-4.287629,2.99306,0.7391155,1.148579,0.4205129,-0.1096846,-0.01133323,-0.5554802,-1.506984,-4.184281,1.448085,0.6361728,1.019239,0.3770134,-0.2933484,0.2529885,-0.01864644,-0.5577799,-4.132961,-0.253661,0.7358634,1.352748,0.3320889,-0.159512,0.2987761,0.01732039,-0.8834243,0.155774,-0.06021141,0.8217453,1.41678,0.1900091,0.5145317,0.9873117,0.2585478,286.1218,232.0966,21.87401
1,0.1222222,-0.2114737,-0.6047063,-0.0346266,-1.441738,-4.282412,2.996626,0.7375902,1.148815,0.4199417,-0.1621182,0.01546752,-0.5314101,-1.505441,-4.178951,1.452087,0.6347336,1.01974,0.3758681,-0.2465873,0.1918681,0.003963826,-0.5568084,-4.13304,-0.2526735,0.7353574,1.352864,0.3319616,-0.1522986,0.2646022,0.006753854,-0.8837705,0.1577393,-0.06018558,0.8214567,1.416821,0.1900301,0.5138395,0.9885646,0.2573335,285.2667,232.3537,22.14023
1,0.1333333,-0.3027088,-0.5621543,-0.08703987,-1.439804,-4.276476,3.000829,0.7360362,1.148828,0.4192684,-0.212698,0.06733918,-0.5287973,-1.502403,-4.173197,1.457712,0.6327146,1.020632,0.3746872,-0.1977014,0.1446653,0.01816034,-0.5561,-4.133054,-0.2522381,0.7347363,1.352699,0.3318849,-0.149218,0.247524,0.002530612,-0.8840992,0.1603768,-0.06033338,0.8211455,1.416773,0.190114,0.5125472,0.991518,0.2570103,283.8553,230.6564,24.98293
1,0.1444445,-0.3761293,-0.5436374,-0.1083083,-1.438136,-4.269274,3.003628,0.7343584,1.148867,0.418694,-0.2287983,0.1036608,-0.5500151,-1.500757,-4.167073,1.463741,0.6311226,1.0213,0.3738286,-0.1743215,0.1253629,0.02103989,-0.556002,-4.131774,-0.2523036,0.7341415,1.352731,0.3317454,-0.1407819,0.2165877,0.005786481,-0.8838654,0.1615608,-0.06008757,0.8209778,1.416885,0.190084,0.5116816,0.9936487,0.2563415,282.7338,229.5923,26.90223
1,0.1555556,-0.5230203,-0.4922307,-0.1318884,-1.436769,-4.262885,3.004219,0.732549,1.1486,0.4185376,-0.1988122,0.1177213,-0.5484429,-1.497775,-4.162603,1.475035,0.629335,1.022486,0.3730521,-0.1552392,0.1071969,0.01863127,-0.5560542,-4.130729,-0.2521358,0.7334619,1.352543,0.3315277,-0.1174762,0.1940988,0.002461863,-0.8840491,0.163164,-0.06070516,0.8207053,1.416868,0.1900327,0.5102112,0.9968488,0.2557859,281.4802,228.1502,29.42654
1,0.1666667,-0.6707386,-0.4169689,-0.1098326,-1.436407,-4.259597,3.006679,0.7311711,1.148444,0.4183414,-0.2080642,0.1054879,-0.4960834,-1.496667,-4.160251,1.48811,0.6275181,1.023877,0.3726285,-0.1617097,0.09555423,0.01217002,-0.5563631,-4.129847,-0.2508146,0.7328995,1.35239,0.3313284,-0.1057564,0.1887169,0.003452355,-0.8838915,0.1655031,-0.06167029,0.8204423,1.416853,0.1900632,0.508581,1.000104,0.2552077,280.2562,228.2403,30.07528
1,0.1777778,-0.6707386,-0.4169689,-0.1098326,-1.436407,-4.259597,3.006679,0.7311711,1.148444,0.4183414,-0.2080642,0.1054879,-0.4960834,-1.496667,-4.160251,1.48811,0.6275181,1.023877,0.3726285,-0.1617097,0.09555423,0.01217002,-0.5563631,-4.129847,-0.2508146,0.7328995,1.35239,0.3313284,-0.1057564,0.1887169,0.003452355,-0.8838915,0.1655031,-0.06167029,0.8204423,1.416853,0.1900632,0.508581,1.000104,0.2552077,280.2562,228.2403,30.07528
1,0.1888889,-0.9132696,-0.2389693,-0.03866231,-1.437019,-4.262838,3.019168,0.728046,1.148162,0.4181893,-0.3421101,0.06868163,-0.2644667,-1.495287,-4.159642,1.51663,0.6229185,1.02647,0.3713255,-0.1819811,0.0688847,0.02589079,-0.5557884,-4.128163,-0.2474537,0.7315708,1.352335,0.3309631,-0.08439656,0.1971488,0.004273543,-0.8840235,0.1715904,-0.06441414,0.8195206,1.416766,0.1901987,0.504116,1.00677,0.253584,277.9483,229.7395,29.13743
1,0.2,-0.9699383,-0.1997408,-0.05597824,-1.435897,-4.262467,3.025658,0.7262303,1.148156,0.4179602,-0.3908751,0.0872854,-0.2205254,-1.49271,-4.158085,1.529414,0.6203526,1.027886,0.3707242,-0.1977962,0.07942054,0.04632093,-0.5547929,-4.12511,-0.2471957,0.7308555,1.352245,0.330678,-0.07904588,0.2003257,0.005272467,-0.8840864,0.1746558,-0.06569725,0.8192381,1.416721,0.1902051,0.5017592,1.010082,0.253046,276.9822,229.0427,30.23826
1,0.2111111,-1.053705,-0.1664988,-0.1535003,-1.431907,-4.260404,3.033145,0.7242867,1.148455,0.4176185,-0.4468217,0.1561317,-0.2105352,-1.485706,-4.155877,1.543275,0.617122,1.029711,0.3697584,-0.2178108,0.1016595,0.06900555,-0.5537111,-4.12075,-0.2476663,0.7301432,1.352199,0.3303766,-0.07374373,0.2024059,0.003075053,-0.8843431,0.177366,-0.06662244,0.8189955,1.416813,0.190166,0.4992166,1.013697,0.2522426,276.0694,226.8171,32.90148
1,0.2222222,-1.074575,-0.1639811,-0.1841016,-1.426178,-4.257304,3.040243,0.7220275,1.148806,0.4171548,-0.4872611,0.2489541,-0.2297145,-1.481434,-4.152904,1.555179,0.6144224,1.031203,0.369128,-0.2336608,0.1015355,0.09040415,-0.5522277,-4.117866,-0.2469437,0.7293894,1.352126,0.3300314,-0.08011861,0.2066769,0.0009937342,-0.8845359,0.1803662,-0.06761713,0.8189456,1.416633,0.1901567,0.4965478,1.017594,0.2516159,275.0034,223.7156,36.53401
1,0.2333333,-1.155059,-0.1705385,-0.2962685,-1.419815,-4.252455,3.046679,0.7194443,1.149109,0.4167297,-0.5047221,0.3297313,-0.282003,-1.472274,-4.148911,1.569541,0.6109426,1.033455,0.3686659,-0.2581212,0.109057,0.09275217,-0.5514075,-4.114981,-0.2456257,0.7286457,1.352158,0.3296254,-0.08224188,0.2087931,0.0009929826,-0.8847969,0.1829653,-0.06823657,0.8187892,1.416597,0.1901405,0.4936616,1.021544,0.2511613,273.9413,218.9959,41.85569
1,0.2444444,-1.194819,-0.1672296,-0.3269119,-1.414987,-4.25016,3.052733,0.7171039,1.14943,0.4163229,-0.5118373,0.3669503,-0.277844,-1.466381,-4.145845,1.583148,0.608102,1.035221,0.3676219,-0.2783624,0.1102104,0.09075178,-0.550828,-4.112604,-0.2439317,0.7279361,1.352124,0.32932,-0.08749402,0.2194664,0.002072624,-0.8848071,0.1864684,-0.06953167,0.8186132,1.416479,0.1901653,0.4911157,1.025197,0.2498717,272.9442,211.4983,49.94778
1,0.2555556,-1.246124,-0.158797,-0.3517025,-1.409939,-4.247136,3.059005,0.7142048,1.149825,0.4159722,-0.5186725,0.3919092,-0.2881751,-1.460048,-4.142954,1.598276,0.6044798,1.037426,0.366987,-0.32403,0.1241197,0.1049971,-0.5496093,-4.108274,-0.2421407,0.7269377,1.352138,0.3289385,-0.0970917,0.2269319,-0.002131775,-0.8852156,0.1898421,-0.07018868,0.818414,1.416487,0.1901977,0.48791,1.029554,0.249303,271.9767,197.4405,64.60911
1,0.2666667,-1.288029,-0.1588099,-0.3585578,-1.405027,-4.245259,3.066509,0.7115092,1.150234,0.4156582,-0.5453384,0.4159685,-0.2801895,-1.454542,-4.139972,1.613334,0.6009554,1.039577,0.3659382,-0.3355916,0.1453498,0.1191034,-0.5484312,-4.102744,-0.2425623,0.7260755,1.352324,0.3287208,-0.1120045,0.2355078,-0.005216909,-0.8855426,0.193713,-0.0707048,0.8180143,1.41654,0.1902008,0.484692,1.034151,0.2489625,271.3582,165.1928,97.47397
1,0.2777778,-1.321878,-0.1442341,-0.3678683,-1.400487,-4.244238,3.075643,0.7084265,1.150661,0.4152098,-0.5957394,0.4268715,-0.2575994,-1.448449,-4.137647,1.628711,0.5971995,1.041804,0.3652265,-0.3544742,0.1857155,0.1408849,-0.54696,-4.094625,-0.2447655,0.7250987,1.352432,0.3283153,-0.1279501,0.2409187,-0.004018333,-0.8857312,0.197601,-0.07110853,0.8174666,1.416322,0.1902037,0.4812061,1.038685,0.2483063,271.5232,121.6765,141.5955
1,0.2888889,-1.362982,-0.1173544,-0.372149,-1.396428,-4.241813,3.084813,0.7054012,1.150968,0.4148715,-0.6432847,0.4272698,-0.2646091,-1.442463,-4.136363,1.644825,0.593011,1.044237,0.3641293,-0.383007,0.1951298,0.1752202,-0.5445861,-4.088083,-0.244813,0.7241085,1.352618,0.32781,-0.1375248,0.2399077,-0.001793906,-0.8859059,0.2009955,-0.07129921,0.8171849,1.416144,0.1901882,0.4777033,1.043563,0.2477341,272.2668,97.55404,166.2437
1,0.3,-1.380409,-0.1042021,-0.3694496,-1.392053,-4.240669,3.094565,0.7023678,1.151377,0.4144127,-0.6862161,0.4341336,-0.2507322,-1.436939,-4.134483,1.659961,0.5891787,1.046356,0.3629537,-0.3924527,0.2003131,0.1955644,-0.5422595,-4.082098,-0.2451855,0.7231673,1.352708,0.327399,-0.1470682,0.2431613,0.001476116,-0.8860385,0.2046827,-0.07158551,0.8169878,1.416013,0.1901758,0.4742228,1.04805,0.2470224,273.1903,87.00983,177.3114
1,0.3111111,-1.413577,-0.08745584,-0.3762698,-1.387686,-4.239953,3.106366,0.6990589,1.151763,0.4138401,-0.7614583,0.4430648,-0.2334471,-1.430729,-4.133111,1.676257,0.5848612,1.048827,0.3619745,-0.4050225,0.220382,0.2203042,-0.5399538,-4.074556,-0.2465368,0.7221839,1.352807,0.3270874,-0.1566482,0.2453442,0.001553174,-0.8863277,0.2084756,-0.07185102,0.8167647,1.415973,0.1902659,0.4704314,1.052825,0.2459435,274.314,79.66447,184.9699
1,0.3222222,-1.434842,-0.06281099,-0.3697669,-1.382306,-4.238399,3.117902,0.6959461,1.152162,0.4131477,-0.8168719,0.4689738,-0.2392425,-1.425182,-4.132261,1.692451,0.5802724,1.051453,0.3611248,-0.4187445,0.2320378,0.2332695,-0.5377242,-4.067453,-0.2474604,0.721192,1.352829,0.3266559,-0.1641116,0.2496307,-0.0005246578,-0.8866355,0.2123071,-0.07209976,0.8165877,1.415841,0.1902757,0.4665748,1.057958,0.2455338,275.4602,75.58201,189.4031
1,0.3333333,-1.471927,-0.06394956,-0.4388063,-1.375303,-4.238416,3.133284,0.6928021,1.15259,0.4124036,-0.9295533,0.5292044,-0.222256,-1.415808,-4.130394,1.708738,0.5755792,1.054045,0.3600461,-0.4303928,0.2469766,0.235597,-0.5359899,-4.060105,-0.2485597,0.7203053,1.352895,0.3261015,-0.1746962,0.2486525,0.007035984,-0.886496,0.2159045,-0.07205475,0.816442,1.415796,0.1902971,0.4626187,1.062723,0.2444513,276.4908,74.41589,190.9775
1,0.3444445,-1.476124,-0.04313466,-0.4585406,-1.369222,-4.238352,-3.135607,0.6895018,1.153117,0.4117355,-0.9972535,0.5584761,-0.210714,-1.408114,-4.130017,1.724386,0.5709432,1.056446,0.3585067,-0.4431639,0.2459462,0.2377922,-0.5340772,-4.053785,-0.2486873,0.719468,1.352949,0.3256621,-0.1811012,0.2454908,0.007100277,-0.8867538,0.2193304,-0.07197885,0.8163618,1.41577,0.1902664,0.4585286,1.068145,0.2443328,277.4902,73.97222,191.8527
1,0.3555556,-1.467851,-0.0259434,-0.455053,-1.363137,-4.237495,-3.118663,0.6858441,1.153594,0.4107955,-1.105009,0.5824023,-0.2255554,-1.401679,-4.129685,1.739499,0.5661694,1.058883,0.3573511,-0.4442219,0.2384365,0.2441233,-0.5317917,-4.047929,-0.2488194,0.718652,1.353022,0.3252218,-0.1768575,0.2486536,0.003848645,-0.8870526,0.2229556,-0.07250722,0.8162143,1.415702,0.1902528,0.4545985,1.072869,0.2432264,278.4907,73.60728,192.576
1,0.3666667,-1.456162,-0.009775311,-0.462579,-1.356972,-4.234836,-3.101263,0.6823571,1.154151,0.4101863,-1.220248,0.6031225,-0.2653403,-1.39495,-4.129764,1.75434,0.561347,1.061327,0.355155,-0.4657022,0.2120091,0.232298,-0.5300777,-4.044312,-0.2460223,0.7179664,1.353094,0.3246055,-0.1759152,0.2486049,-0.007882606,-0.8878356,0.226579,-0.07279538,0.8161513,1.415718,0.1902032,0.4503817,1.077665,0.2415907,279.5273,73.35802,192.9018
1,0.3777778,-1.468565,-0.01936078,-0.4853711,-1.351233,-4.236117,-3.083283,0.6789848,1.1546,0.4094968,-1.291847,0.6217096,-0.2257487,-1.386764,-4.128626,1.769977,0.5565381,1.06381,0.3532414,-0.4434935,0.1725043,0.2318124,-0.5276787,-4.04256,-0.2435144,0.7171978,1.35313,0.3241079,-0.179196,0.2464814,-0.01423691,-0.8884768,0.230295,-0.07285716,0.8158623,1.415545,0.1901896,0.4461303,1.082759,0.2409083,280.5882,74.0497,192.3865
1,0.3888889,-1.457698,-0.01013437,-0.4868784,-1.346998,-4.238956,-3.065213,0.6752974,1.15501,0.4087012,-1.352639,0.6189191,-0.1624148,-1.37958,-4.128733,1.784872,0.5515842,1.066342,0.3517904,-0.4157975,0.1842108,0.2232285,-0.5263178,-4.036082,-0.2456795,0.716172,1.353132,0.3235843,-0.1942314,0.239057,-0.02257868,-0.8892097,0.2332908,-0.07192586,0.8156915,1.415411,0.1901653,0.4418818,1.087473,0.2394068,281.5425,75.57552,191.2117
1,0.4,-1.431591,-0.008976161,-0.4738869,-1.342231,-4.239451,-3.049157,0.6715922,1.15551,0.4079163,-1.364484,0.6090214,-0.1585454,-1.373405,-4.128524,1.798769,0.5467852,1.068847,0.3500278,-0.4167207,0.2075996,0.2298357,-0.5244398,-4.028342,-0.2477746,0.7151883,1.353088,0.3230686,-0.1984111,0.2508384,-0.01834051,-0.88963,0.2379155,-0.07233652,0.8155887,1.415493,0.1901634,0.4378253,1.09238,0.2385979,282.4914,76.85632,190.2672
1,0.4111111,-1.394542,-0.01643912,-0.4828635,-1.336409,-4.238162,-3.035779,0.66739,1.156322,0.4068408,-1.324963,0.6093743,-0.1853452,-1.366368,-4.128007,1.811812,0.5416924,1.071349,0.3485615,-0.426222,0.2246446,0.2321749,-0.5225425,-4.021443,-0.2487432,0.7142339,1.352982,0.3223534,-0.2014485,0.26475,-0.00771877,-0.8895379,0.2424313,-0.07277487,0.8154168,1.415438,0.1901977,0.433457,1.096768,0.2370527,283.5139,78.19247,189.0842
1,0.4222222,-1.349315,-0.02236713,-0.5019118,-1.330209,-4.237922,-3.022053,0.6635742,1.156979,0.4058092,-1.294715,0.6188082,-0.1969905,-1.358627,-4.127745,1.824195,0.5366886,1.073814,0.3467631,-0.4527242,0.2395618,0.2441849,-0.5202709,-4.013612,-0.2494687,0.7132988,1.353042,0.3217299,-0.2032554,0.2904302,0.01349576,-0.8888817,0.2480515,-0.07405132,0.8154843,1.415428,0.1902437,0.4291835,1.101021,0.2351944,284.4388,79.2125,188.1742
1,0.4333333,-1.314738,-0.02782965,-0.53075,-1.323295,-4.237689,-3.008855,0.6593584,1.157776,0.404675,-1.257054,0.6380124,-0.210363,-1.35028,-4.127512,1.836501,0.5314963,1.076471,0.3452566,-0.4814921,0.2407537,0.2443562,-0.5184205,-4.006872,-0.2487709,0.7122273,1.353186,0.3211229,-0.2031425,0.3021792,0.01983218,-0.8887336,0.2529782,-0.07490327,0.8153481,1.415325,0.190161,0.4246709,1.105065,0.2334515,285.2096,80.34985,187.0848
1,0.4444444,-1.288252,-0.02724621,-0.5548989,-1.316538,-4.238316,-2.995024,0.6553859,1.158534,0.403434,-1.232529,0.6529871,-0.2027506,-1.341891,-4.127649,1.849048,0.5263081,1.079006,0.3433435,-0.4964245,0.235496,0.2433382,-0.5163374,-4.000871,-0.2479986,0.7112962,1.353194,0.3204222,-0.2073677,0.3149864,0.01875883,-0.8888209,0.258366,-0.07569236,0.8152619,1.415288,0.1901553,0.4202027,1.10933,0.2316676,285.9588,81.30133,186.2028
1,0.4555556,-1.232666,-0.0348388,-0.5683931,-1.308404,-4.237821,-2.983959,0.6506795,1.159627,0.4021151,-1.161254,0.6796331,-0.2328786,-1.333764,-4.127423,1.859694,0.520894,1.081679,0.3416796,-0.5318819,0.2221625,0.2029396,-0.5162495,-3.996473,-0.2443693,0.7100463,1.353195,0.3196111,-0.2137472,0.3203435,0.01879225,-0.8889648,0.2632453,-0.07596134,0.8151274,1.415293,0.1900713,0.4153733,1.113195,0.2297071,286.5064,82.4333,185.0243
1,0.4666667,-1.168591,-0.06347598,-0.6066176,-1.300915,-4.236423,-2.969731,0.6468543,1.160547,0.4011559,-1.16963,0.692018,-0.2641517,-1.324476,-4.126545,1.869036,0.5152762,1.084235,0.3394582,-0.550981,0.2350007,0.2063663,-0.5146165,-3.989014,-0.2440396,0.7089653,1.353179,0.3188684,-0.2190205,0.3342139,0.01771593,-0.8891645,0.2687761,-0.07682953,0.8149425,1.415277,0.1900558,0.4105398,1.116976,0.2276678,287.0059,83.281,184.0376
1,0.4777778,-1.077019,-0.09328568,-0.6258551,-1.294069,-4.238389,-2.947962,0.6429644,1.161697,0.4002995,-1.310028,0.7195415,-0.2295342,-1.315437,-4.12561,1.876095,0.5095792,1.086797,0.3377349,-0.5656791,0.2797338,0.2153627,-0.5132763,-3.977645,-0.2468487,0.7076998,1.353372,0.3182814,-0.2253257,0.3470422,0.02092276,-0.889099,0.2744893,-0.0776394,0.8147879,1.415278,0.1900473,0.4056571,1.120727,0.225837,287.5587,83.70901,183.486
1,0.4888889,-0.9205993,-0.1157701,-0.6053178,-1.28981,-4.243137,-2.927388,0.6391956,1.162789,0.3994305,-1.394268,0.7197856,-0.1414818,-1.308833,-4.124753,1.878606,0.504136,1.089199,0.3355725,-0.5835934,0.2902076,0.2400717,-0.5105035,-3.96946,-0.2471238,0.7065338,1.353331,0.3173935,-0.2294325,0.3609538,0.03048984,-0.8887389,0.2803054,-0.07868336,0.8145755,1.415313,0.1900759,0.4006049,1.123811,0.2236057,288.0991,84.11981,182.8701
1,0.5,-0.8602406,-0.1148768,-0.5835979,-1.285752,-4.245628,-2.907367,0.6350077,1.163852,0.3983147,-1.456924,0.6976601,-0.112254,-1.302205,-4.124969,1.885499,0.4987148,1.091665,0.3335292,-0.6047007,0.2878587,0.2742643,-0.507085,-3.961306,-0.2468913,0.7054375,1.353549,0.3165607,-0.243231,0.3652962,0.03381886,-0.8884193,0.2858211,-0.07899282,0.8143634,1.415306,0.1900387,0.395799,1.127297,0.2219237,288.6483,84.90593,182.0153
1,0.5111111,-0.7579336,-0.1186635,-0.5518079,-1.279754,-4.243968,-2.890352,0.6307894,1.164957,0.3969054,-1.468671,0.682127,-0.1594653,-1.296708,-4.124748,1.889167,0.4929286,1.094061,0.3314714,-0.6163167,0.2813191,0.2976928,-0.5039249,-3.953179,-0.2464841,0.7042603,1.353836,0.3160071,-0.2485013,0.3685328,0.03811621,-0.8881829,0.2913019,-0.07946447,0.8141547,1.4153,0.1899512,0.3904095,1.130319,0.2197107,289.0968,85.83444,180.9983
1,0.5222223,-0.6795436,-0.09846896,-0.5669483,-1.274259,-4.246697,-2.872523,0.6265942,1.166073,0.3952608,-1.464422,0.6851002,-0.1222467,-1.289213,-4.126281,1.893546,0.4873667,1.096192,0.3289177,-0.6088402,0.2823476,0.2987267,-0.5014163,-3.944957,-0.2472718,0.7031628,1.353956,0.3151698,-0.2644056,0.366511,0.04681227,-0.8875703,0.2966125,-0.07923916,0.8139077,1.415323,0.189857,0.384949,1.133454,0.21799,289.6365,86.6127,180.1369
1,0.5333334,-0.6012242,-0.04137247,-0.577399,-1.268999,-4.25224,-2.854433,0.6224279,1.166899,0.3930945,-1.449397,0.697705,-0.04221441,-1.28251,-4.130044,1.897509,0.4814882,1.098409,0.3267915,-0.6231196,0.2455257,0.2537047,-0.5009571,-3.941843,-0.2422707,0.7019595,1.354126,0.3144546,-0.2782007,0.3708501,0.05012343,-0.8872678,0.3023066,-0.07919149,0.8136383,1.415301,0.1897299,0.379122,1.13623,0.2160113,290.0773,87.93346,178.851
1,0.5444446,-0.5040475,0.03839511,-0.5589113,-1.265034,-4.256941,-2.836586,0.6183867,1.167859,0.3913679,-1.442825,0.6805954,0.01691131,-1.277826,-4.135298,1.900778,0.4756907,1.100424,0.3243926,-0.614896,0.2213044,0.2204011,-0.5003083,-3.937917,-0.2390038,0.700567,1.354163,0.3137321,-0.2834063,0.3805079,0.05866525,-0.8865674,0.3086053,-0.0797646,0.8132669,1.415323,0.1896913,0.3731611,1.139089,0.2145692,290.5315,89.25933,177.698
1,0.5555557,-0.4090736,0.1272372,-0.5168429,-1.263922,-4.263918,-2.817357,0.6144012,1.168672,0.3892117,-1.457219,0.6306204,0.1250042,-1.274897,-4.141212,1.903546,0.4699109,1.102503,0.3217471,-0.5969012,0.2610658,0.1727155,-0.5010903,-3.928911,-0.2408938,0.6989474,1.354167,0.3128653,-0.2929277,0.3816395,0.06514765,-0.8859006,0.3142044,-0.07967193,0.8128846,1.415342,0.1895878,0.3671849,1.141878,0.2129418,290.9165,90.1272,177.0166
1,0.5666668,-0.3388401,0.2118378,-0.4512057,-1.263724,-4.271163,-2.797483,0.6106083,1.16936,0.3870404,-1.48439,0.5767452,0.2125496,-1.274107,-4.147855,1.90652,0.464406,1.10444,0.3193195,-0.6172759,0.2731438,0.143094,-0.5014961,-3.921517,-0.2396259,0.6975582,1.354241,0.3119318,-0.3035291,0.3880906,0.0684211,-0.885354,0.3202028,-0.07958404,0.8125816,1.41533,0.1894655,0.3612225,1.144283,0.2112942,291.0268,90.26099,177.2942
1,0.577778,-0.3011411,0.2780982,-0.4026046,-1.264534,-4.27902,-2.779135,0.6069714,1.170045,0.3845556,-1.466331,0.511948,0.3084617,-1.272936,-4.154224,1.910551,0.4591341,1.106475,0.3165593,-0.6598644,0.2711442,0.1486428,-0.5004064,-3.914831,-0.2364964,0.6961265,1.354229,0.31089,-0.3162878,0.395594,0.06745665,-0.884912,0.3262234,-0.07942052,0.8121969,1.415273,0.189338,0.3556358,1.14696,0.2094767,291.2512,90.2361,177.6526
1,0.5888891,-0.2743899,0.3562355,-0.3325727,-1.266481,-4.286879,-2.760981,0.6034242,1.170602,0.3820705,-1.46332,0.4452037,0.3833444,-1.274283,-4.161541,1.914759,0.4541718,1.108294,0.3138371,-0.6604987,0.3241043,0.1853191,-0.4985789,-3.901939,-0.24055,0.6946292,1.354361,0.30967,-0.3312032,0.4052284,0.06330029,-0.8847713,0.3325053,-0.07919522,0.811795,1.415248,0.1891935,0.3502415,1.149343,0.2078025,291.2305,89.17714,179.1864
1,0.6000003,-0.2485298,0.4314978,-0.2466575,-1.26908,-4.293467,-2.743287,0.5998104,1.171244,0.3796091,-1.453881,0.3667923,0.4230212,-1.277116,-4.168706,1.919208,0.449199,1.110378,0.3112607,-0.6495245,0.3867873,0.1964815,-0.4975792,-3.887423,-0.2466388,0.6929596,1.354447,0.3085434,-0.3491704,0.4128055,0.07410768,-0.883787,0.3388256,-0.07868549,0.8113731,1.415106,0.1890278,0.3449206,1.151836,0.2063739,291.1398,87.60294,181.1753
1,0.6111114,-0.1909486,0.4754817,-0.1763543,-1.274472,-4.300835,-2.726875,0.5966885,1.171794,0.3770807,-1.424424,0.2573144,0.4926542,-1.280541,-4.175301,1.921476,0.4444222,1.112059,0.3085887,-0.6825247,0.4490228,0.1599355,-0.4989715,-3.873091,-0.2502833,0.6914047,1.354346,0.3072133,-0.3640168,0.4118419,0.08278228,-0.8828906,0.3448577,-0.07781623,0.8108828,1.415031,0.1889215,0.3396983,1.154297,0.2045955,291.106,86.02125,183.1328
1,0.6222225,-0.2085458,0.5095684,-0.05548941,-1.279476,-4.305463,-2.711358,0.5933927,1.172182,0.3747208,-1.397037,0.1574056,0.4842451,-1.286502,-4.180098,1.926457,0.4400937,1.114054,0.3057942,-0.7636307,0.4688612,0.1243391,-0.5004367,-3.861278,-0.2490436,0.689642,1.354144,0.3060169,-0.3681915,0.4161497,0.08921853,-0.88186,0.3511986,-0.07767802,0.8104218,1.415057,0.1887748,0.3346537,1.156754,0.2029305,291.0014,83.49849,185.9799
1,0.6333337,-0.2885918,0.5558944,-0.001913071,-1.284851,-4.312633,-2.695117,0.5902964,1.172516,0.3722434,-1.37739,0.09602815,0.5369604,-1.290363,-4.186768,1.935132,0.4357077,1.115754,0.3032718,-0.7699303,0.4987431,0.1203988,-0.5005997,-3.847561,-0.2523148,0.6882079,1.354014,0.3047698,-0.3797569,0.4396653,0.09458251,-0.8808799,0.358921,-0.07794007,0.809961,1.414848,0.1886876,0.3298489,1.159227,0.2015666,290.8823,81.6187,188.2361
1,0.6444448,-0.2885918,0.5558944,-0.001913071,-1.284851,-4.312633,-2.695117,0.5902964,1.172516,0.3722434,-1.37739,0.09602815,0.5369604,-1.290363,-4.186768,1.935132,0.4357077,1.115754,0.3032718,-0.7699303,0.4987431,0.1203988,-0.5005997,-3.847561,-0.2523148,0.6882079,1.354014,0.3047698,-0.3797569,0.4396653,0.09458251,-0.8808799,0.358921,-0.07794007,0.809961,1.414848,0.1886876,0.3298489,1.159227,0.2015666,290.8823,81.6187,188.2361
1,0.655556,-0.3383213,0.6341969,0.1615814,-1.300538,-4.325421,-2.665078,0.5846399,1.172721,0.3674972,-1.329699,-0.08242211,0.6143845,-1.304208,-4.19819,1.948648,0.4278338,1.11891,0.2978525,-0.7793424,0.5232026,0.1334468,-0.5006274,-3.820816,-0.2579178,0.6851156,1.353619,0.3021569,-0.3945575,0.4557268,0.09895842,-0.8791319,0.3729651,-0.07762342,0.808882,1.414721,0.1882377,0.3212669,1.164021,0.1984538,290.7709,77.97324,192.4236
1,0.6666671,-0.3518897,0.6481122,0.1743396,-1.307671,-4.331998,-2.650229,0.5818727,1.172835,0.3650246,-1.310483,-0.1228464,0.6379452,-1.309335,-4.204153,1.955304,0.423973,1.120432,0.2951233,-0.7897917,0.5722292,0.1339483,-0.5010722,-3.803974,-0.2636663,0.6835499,1.353249,0.3006032,-0.3934617,0.448296,0.1064434,-0.8779867,0.3792347,-0.07718667,0.8083012,1.414583,0.1878662,0.3171815,1.166373,0.1966742,290.8781,76.52146,194.1941
1,0.6777782,-0.3417631,0.6419957,0.1863066,-1.313885,-4.337814,-2.636193,0.5793847,1.172969,0.3624525,-1.279386,-0.1422344,0.6355174,-1.314253,-4.209225,1.960339,0.420186,1.122151,0.2925134,-0.7864988,0.5945981,0.1341231,-0.5016863,-3.788256,-0.2687934,0.6819868,1.352963,0.2992709,-0.3976421,0.439836,0.1182821,-0.876287,0.385381,-0.07657254,0.8077261,1.414514,0.1876328,0.3134155,1.168893,0.1957866,291.1043,75.84513,195.3411
1,0.6888894,-0.3524559,0.6174867,0.146105,-1.317613,-4.34193,-2.6256,0.5769196,1.173108,0.3599977,-1.179113,-0.1229485,0.5797685,-1.316811,-4.214528,1.966354,0.4169204,1.123559,0.2898924,-0.7725584,0.6083428,0.1415907,-0.5021396,-3.772613,-0.2741671,0.6803974,1.352888,0.2980928,-0.3910978,0.4388006,0.1342559,-0.8742082,0.3919254,-0.07664178,0.8070841,1.414421,0.1873322,0.310179,1.171199,0.1941126,291.4988,75.79582,195.8912
1,0.7000005,-0.3620489,0.59765,0.1469279,-1.322355,-4.346424,-2.614888,0.5743594,1.173254,0.3573895,-1.109154,-0.1238266,0.5541367,-1.320549,-4.219001,1.972313,0.4136681,1.124965,0.2875831,-0.7352195,0.6048837,0.1509029,-0.5020687,-3.758726,-0.2798048,0.6788127,1.352813,0.2966599,-0.3857332,0.4451733,0.1352413,-0.8730636,0.3988584,-0.07698773,0.8064331,1.414369,0.1871257,0.3069607,1.173579,0.192288,291.8928,76.40918,195.7785
1,0.7111117,-0.360195,0.5983752,0.1719349,-1.327875,-4.350469,-2.607432,0.5720586,1.173378,0.3549647,-0.9891275,-0.1514959,0.5390691,-1.325845,-4.223699,1.978202,0.4108527,1.126103,0.285444,-0.7002007,0.5717372,0.1493287,-0.5020682,-3.747317,-0.2831686,0.677367,1.352677,0.2955019,-0.3846275,0.443065,0.1405656,-0.8717229,0.4054283,-0.07691662,0.8057747,1.41425,0.1869133,0.3040099,1.175956,0.1907893,292.3192,77.04205,195.4341
1,0.7222228,-0.3566185,0.5791467,0.1996063,-1.332026,-4.35133,-2.600616,0.5700514,1.173441,0.3527689,-0.9029195,-0.1767364,0.4471204,-1.331007,-4.227355,1.983547,0.408289,1.127197,0.2831638,-0.6620084,0.5364084,0.1477134,-0.5018024,-3.73724,-0.2859926,0.6759115,1.352536,0.2941597,-0.3856909,0.4409117,0.1417181,-0.869969,0.4115601,-0.07652008,0.8052487,1.414344,0.1864533,0.3014501,1.178175,0.1891094,292.7635,77.74753,194.8309
1,0.7333339,-0.3478453,0.5554235,0.2076384,-1.341398,-4.35752,-2.589403,0.5682502,1.173414,0.3510282,-0.9164833,-0.2413473,0.5340412,-1.335304,-4.230711,1.988407,0.4056587,1.128202,0.280309,-0.6302733,0.5226882,0.1186454,-0.5030008,-3.726263,-0.2896385,0.6744902,1.352421,0.2930589,-0.3825465,0.4270599,0.1417435,-0.868663,0.4173957,-0.07625962,0.8041806,1.414032,0.186286,0.2991483,1.180308,0.1875443,293.0463,78.18919,194.4967
1,0.7444451,-0.3404197,0.5052672,0.2401985,-1.347239,-4.360232,-2.580462,0.5664392,1.173477,0.3490663,-0.8932488,-0.2544672,0.4970531,-1.340072,-4.232004,1.992772,0.4034074,1.129236,0.2782018,-0.6102273,0.495015,0.1065246,-0.5037859,-3.716736,-0.2918574,0.6730521,1.352714,0.2917604,-0.3804095,0.4302463,0.1417147,-0.8674757,0.4237045,-0.07618851,0.8034797,1.414047,0.185931,0.2969926,1.182174,0.1858004,293.2316,78.50317,194.2373
1,0.7555562,-0.3315671,0.440644,0.2398273,-1.351307,-4.361701,-2.572052,0.5646598,1.173561,0.3472843,-0.8665278,-0.2420764,0.436283,-1.343393,-4.233046,1.996816,0.4011729,1.130484,0.2765586,-0.596392,0.4842774,0.1106075,-0.5039798,-3.705867,-0.2952857,0.6715478,1.352614,0.2906814,-0.3750568,0.4227762,0.1501395,-0.8663801,0.4292009,-0.07561912,0.8027457,1.414225,0.1856754,0.2945316,1.183983,0.1837136,293.4138,78.54055,194.2751
1,0.7666674,-0.3166553,0.3435732,0.2002681,-1.35295,-4.361922,-2.56582,0.5628406,1.173903,0.345444,-0.7944793,-0.19726,0.3417794,-1.34413,-4.233023,1.999949,0.3990521,1.131588,0.2745481,-0.5558464,0.4603761,0.1399883,-0.5026376,-3.696236,-0.2990038,0.6703433,1.352561,0.2893493,-0.365566,0.4056887,0.1479886,-0.8651572,0.434554,-0.07537331,0.8020785,1.414316,0.185518,0.2926231,1.185609,0.1820312,293.5676,78.35014,194.4852
1,0.7777785,-0.2965654,0.2925265,0.1808417,-1.354882,-4.362015,-2.559675,0.5610336,1.17417,0.3437803,-0.7383168,-0.1699623,0.2713608,-1.345682,-4.233772,2.002884,0.396943,1.132614,0.2723298,-0.5249555,0.4549054,0.1429604,-0.5025672,-3.685499,-0.3037207,0.6689798,1.352581,0.2882991,-0.3529111,0.3906943,0.1415427,-0.8640722,0.4397051,-0.07526786,0.8013862,1.414329,0.1852565,0.2906689,1.186877,0.1803028,293.6137,78.16821,194.7287
1,0.7888896,-0.2517936,0.2138728,0.1578126,-1.355333,-4.360789,-2.554735,0.5594163,1.174647,0.34235,-0.6724491,-0.1309235,0.1802704,-1.346091,-4.232882,2.003958,0.39502,1.133569,0.2704477,-0.4908563,0.4398028,0.1501143,-0.5021172,-3.675629,-0.3082971,0.6678283,1.352423,0.2877183,-0.3509771,0.3650796,0.1341762,-0.863049,0.4438671,-0.07407396,0.8007739,1.414399,0.1850007,0.2887555,1.188254,0.1786837,293.6691,78.08106,194.9045
1,0.8000008,-0.2517936,0.2138728,0.1578126,-1.355333,-4.360789,-2.554735,0.5594163,1.174647,0.34235,-0.6724491,-0.1309235,0.1802704,-1.346091,-4.232882,2.003958,0.39502,1.133569,0.2704477,-0.4908563,0.4398028,0.1501143,-0.5021172,-3.675629,-0.3082971,0.6678283,1.352423,0.2877183,-0.3509771,0.3650796,0.1341762,-0.863049,0.4438671,-0.07407396,0.8007739,1.414399,0.1850007,0.2887555,1.188254,0.1786837,293.6691,78.08106,194.9045
1,0.8111119,-0.1263378,0.1063109,0.1246652,-1.358456,-4.359395,-2.545311,0.556336,1.175657,0.3396661,-0.5729732,-0.107777,0.08834727,-1.34758,-4.231634,2.0035,0.391372,1.134767,0.2660809,-0.4644795,0.3811467,0.1452072,-0.5011669,-3.660159,-0.312367,0.665702,1.35267,0.2859764,-0.3363916,0.3404223,0.1159422,-0.8620871,0.4527386,-0.07244491,0.7995987,1.414643,0.184581,0.2848812,1.189976,0.1753631,293.4939,77.87508,195.0774
1,0.8222231,-0.06875699,0.07711623,0.1093279,-1.359412,-4.358964,-2.540859,0.5546589,1.176169,0.3383486,-0.5330387,-0.08942264,0.0601659,-1.348305,-4.231122,2.002318,0.3893416,1.135483,0.2640505,-0.4314126,0.364897,0.1587462,-0.4999941,-3.651819,-0.3163154,0.6647143,1.352832,0.2850118,-0.3217352,0.3253443,0.09875305,-0.8622959,0.4564562,-0.07154422,0.7992494,1.415077,0.1842799,0.2827116,1.190695,0.1736994,293.4508,77.83522,195.0866
1,0.8333342,0.01246126,0.04381461,0.09628336,-1.360652,-4.358628,-2.536183,0.5529686,1.176681,0.3369715,-0.5091103,-0.08266151,0.04569845,-1.348867,-4.230321,1.999477,0.387429,1.136064,0.2622361,-0.4111831,0.3466064,0.1701891,-0.4988516,-3.643596,-0.3195048,0.6635545,1.353032,0.2841251,-0.3101915,0.3018264,0.09129192,-0.8616253,0.4599538,-0.070704,0.7986945,1.415104,0.1839738,0.280724,1.190921,0.1717135,293.3354,78.00457,194.923
1,0.8444453,0.07531552,0.01216769,0.08239347,-1.359999,-4.35749,-2.531683,0.5513837,1.177233,0.3359098,-0.4820853,-0.04531148,-0.003314376,-1.349095,-4.22922,1.996266,0.3853634,1.136555,0.2606916,-0.3868087,0.299551,0.1792228,-0.4971573,-3.638571,-0.3205413,0.6624734,1.353448,0.2833147,-0.2953902,0.2793839,0.09018532,-0.8607566,0.4632053,-0.0699205,0.7981615,1.415119,0.1836846,0.2785237,1.191083,0.1701484,293.139,78.14606,194.7608
1,0.8555565,0.1346687,-0.01850555,0.05494027,-1.360348,-4.357364,-2.528011,0.5498861,1.177691,0.3347232,-0.4385222,-0.03173989,-0.007466644,-1.348616,-4.228391,1.99278,0.3832961,1.137164,0.2594795,-0.3613381,0.2749353,0.1809947,-0.4958726,-3.632298,-0.3226739,0.6615909,1.353628,0.2824631,-0.2849753,0.2643646,0.07203329,-0.8607417,0.4668478,-0.06942648,0.7974825,1.41487,0.1834049,0.2765143,1.191015,0.16814,292.8958,78.18905,194.6317
1,0.8666676,0.1778595,-0.06495931,0.02809001,-1.359039,-4.35627,-2.524445,0.5482305,1.178186,0.3336732,-0.4094735,0.001372904,-0.04186035,-1.347295,-4.226766,1.988856,0.3813088,1.137539,0.2579808,-0.3369367,0.2535759,0.176422,-0.4947259,-3.62634,-0.3250625,0.6606354,1.353709,0.2813776,-0.275519,0.2493789,0.06561672,-0.8603081,0.4700234,-0.06861235,0.7969191,1.414898,0.1830654,0.2743214,1.190882,0.1666181,292.599,78.09557,194.598
1,0.8777788,0.2113882,-0.07685811,0.0189068,-1.358238,-4.355171,-2.521153,0.5467689,1.178502,0.3327539,-0.3805111,0.01886532,-0.06658988,-1.347,-4.2258,1.985346,0.3795715,1.137909,0.2568572,-0.325301,0.2386365,0.1740995,-0.4935828,-3.620525,-0.3267797,0.6597773,1.353904,0.2804747,-0.2691593,0.2429864,0.06348045,-0.8595906,0.4739788,-0.0685021,0.7962685,1.41478,0.1827135,0.2724105,1.190962,0.165486,292.3388,78.02764,194.5743
1,0.8888899,0.2534288,-0.1006737,0.00650268,-1.357509,-4.354112,-2.518053,0.5451935,1.178925,0.3317375,-0.3573247,0.02825508,-0.0808776,-1.34613,-4.224317,1.98057,0.3776856,1.13813,0.2556033,-0.3072388,0.2225569,0.1770497,-0.4922044,-3.615156,-0.3286586,0.6588268,1.354004,0.2796671,-0.2639318,0.2312272,0.05815269,-0.8592923,0.4769462,-0.06768025,0.7957025,1.414694,0.1822984,0.2702937,1.190587,0.1640278,292.0195,77.70762,194.714
1,0.900001,0.2841433,-0.116267,0.01392192,-1.356282,-4.352714,-2.515997,0.5437647,1.179345,0.3308439,-0.3139148,0.04047936,-0.1054583,-1.346088,-4.222612,1.976123,0.3759795,1.13853,0.2547271,-0.2848256,0.2320688,0.1770266,-0.491194,-3.607164,-0.3332091,0.6578404,1.35402,0.2785504,-0.2532567,0.2184738,0.0676937,-0.8583283,0.4803359,-0.0671351,0.7950248,1.414987,0.1820309,0.2683392,1.190219,0.1626424,291.708,77.50507,194.7362
1,0.9111122,0.2983987,-0.1257546,0.01359476,-1.355656,-4.351385,-2.51358,0.5423048,1.1798,0.3299081,-0.291072,0.03946456,-0.1150299,-1.345675,-4.221038,1.971859,0.3741923,1.138711,0.2535205,-0.276302,0.2384443,0.1749142,-0.4902485,-3.599915,-0.33657,0.6568925,1.354112,0.2776694,-0.2489568,0.2057077,0.07730985,-0.8572066,0.4828975,-0.06612496,0.7949891,1.41504,0.1816444,0.2664201,1.189727,0.1614942,291.374,77.45255,194.6443
1,0.9222233,0.3190131,-0.1395198,0.01557779,-1.35492,-4.349882,-2.511898,0.5408888,1.180112,0.3291028,-0.2609234,0.03659362,-0.1245243,-1.345359,-4.219223,1.967299,0.3727914,1.138765,0.2529025,-0.2719895,0.2469337,0.1771061,-0.4892392,-3.592142,-0.3405285,0.6559369,1.354115,0.2768033,-0.2457413,0.1961349,0.08264146,-0.856324,0.4855261,-0.06527407,0.7944225,1.415136,0.1812599,0.2645299,1.189141,0.1601992,291.0194,77.42891,194.552
1,0.9333345,0.3300922,-0.1374284,0.01789524,-1.354398,-4.348552,-2.509947,0.5395039,1.18047,0.3282187,-0.2438058,0.03570192,-0.1257841,-1.345165,-4.217836,1.963011,0.3711405,1.138795,0.2515433,-0.2676741,0.2532685,0.1824668,-0.4881904,-3.584292,-0.3445443,0.6549606,1.354068,0.2759566,-0.2404434,0.1939847,0.08046804,-0.8556752,0.4885525,-0.06475423,0.7938955,1.41512,0.1809261,0.2625734,1.188586,0.1590818,290.665,77.46065,194.3951
1,0.9444456,0.3467293,-0.1295579,0.01832992,-1.35365,-4.347291,-2.508803,0.5383357,1.180675,0.3274693,-0.2125563,0.03558104,-0.1281276,-1.345225,-4.216682,1.958302,0.3696333,1.138767,0.2505844,-0.2644892,0.25543,0.1782093,-0.4874709,-3.576883,-0.3482578,0.6540879,1.354203,0.2753887,-0.2330116,0.1907483,0.07934189,-0.8549829,0.491193,-0.06414543,0.7933474,1.415094,0.1805494,0.2607192,1.187903,0.1578453,290.2544,77.67162,193.9728
1,0.9555568,0.3467293,-0.1295579,0.01832992,-1.35365,-4.347291,-2.508803,0.5383357,1.180675,0.3274693,-0.2125563,0.03558104,-0.1281276,-1.345225,-4.216682,1.958302,0.3696333,1.138767,0.2505844,-0.2644892,0.25543,0.1782093,-0.4874709,-3.576883,-0.3482578,0.6540879,1.354203,0.2753887,-0.2330116,0.1907483,0.07934189,-0.8549829,0.491193,-0.06414543,0.7933474,1.415094,0.1805494,0.2607192,1.187903,0.1578453,290.2544,77.67162,193.9728
1,0.9666679,0.3643316,-0.0750701,0.03538077,-1.354342,-4.345783,-2.504187,0.5360723,1.181138,0.3259742,-0.2206208,0.008041739,-0.09343496,-1.346988,-4.21555,1.949719,0.3668579,1.138693,0.2487144,-0.2232239,0.2203155,0.1552889,-0.4861664,-3.566452,-0.3535748,0.6524456,1.354263,0.2740414,-0.2097567,0.1820823,0.06317399,-0.8542973,0.4966783,-0.06389908,0.7923157,1.41494,0.179847,0.2565969,1.186246,0.1549288,289.093,77.94128,192.8889
1,0.977779,0.3657177,4.63007E-05,0.0558758,-1.35632,-4.34638,-2.501496,0.5351981,1.181118,0.3251972,-0.2306693,-0.02142343,-0.04202891,-1.349887,-4.216724,1.946186,0.3654925,1.138567,0.24793,-0.1999921,0.1905181,0.1420963,-0.4855752,-3.563104,-0.3549464,0.6517011,1.354361,0.2735047,-0.1928205,0.1681356,0.05774892,-0.8538952,0.4985559,-0.06364023,0.7919253,1.414929,0.1794944,0.2543435,1.185203,0.1532445,288.1804,77.77509,192.2038
1,0.9888902,0.3802583,0.03501521,0.05505773,-1.359022,-4.348332,-2.497988,0.5343589,1.181125,0.3244967,-0.2496238,-0.04578224,0.02730279,-1.351855,-4.217636,1.941927,0.3640156,1.138441,0.2472878,-0.1841503,0.1735184,0.1301346,-0.4850602,-3.559403,-0.3567011,0.6509831,1.354407,0.2728415,-0.1715751,0.1478209,0.06082901,-0.853126,0.5000003,-0.06338776,0.7913928,1.415118,0.179296,0.2523166,1.184265,0.151853,287.2767,77.13077,191.9068
1,1.000001,0.410049,-0.03005195,0.03758402,-1.358121,-4.348951,-2.493411,0.5333784,1.18134,0.323972,-0.2800217,0.001034394,0.01370664,-1.350997,-4.215352,1.935695,0.3627198,1.138329,0.2466674,-0.1556905,0.1341839,0.1083171,-0.4846181,-3.558075,-0.3568308,0.6505681,1.354351,0.2722721,-0.1471226,0.1434318,0.05847573,-0.852619,0.5018571,-0.06363011,0.7908935,1.41512,0.1789422,0.2501619,1.182882,0.150431,286.8048,74.58678,193.2675
1,1.011112,0.432191,-0.1193542,-0.009822741,-1.355726,-4.347213,-2.490993,0.5323508,1.181404,0.3231459,-0.2685076,0.04940046,-0.03915824,-1.347854,-4.212727,1.929251,0.3613727,1.138016,0.2457094,-0.1440898,0.1150131,0.1027477,-0.483964,-3.55587,-0.3574351,0.6498244,1.354315,0.2716932,-0.1323355,0.126299,0.05307811,-0.8522584,0.5029836,-0.06341679,0.7904214,1.415103,0.178596,0.2483999,1.181479,0.1492203,286.5504,72.60603,194.5883
1,1.022224,0.4564074,-0.2084339,-0.04704645,-1.351388,-4.343852,-2.490636,0.5312368,1.181656,0.3223712,-0.2126889,0.1026737,-0.1344914,-1.344172,-4.209461,1.922191,0.3602036,1.137578,0.2447243,-0.1283436,0.09172304,0.0790115,-0.4839262,-3.555153,-0.3571794,0.6492356,1.354265,0.2710776,-0.1058371,0.1186948,0.04219955,-0.8522099,0.5047123,-0.06424557,0.7898641,1.414914,0.1782074,0.2476412,1.179691,0.1483748,286.366,72.61572,195.3482
1,1.033335,0.470117,-0.2374161,-0.04616633,-1.348299,-4.340887,-2.491484,0.5301012,1.181956,0.321502,-0.1458353,0.1193883,-0.1911051,-1.342678,-4.206831,1.915785,0.3590756,1.137077,0.2438347,-0.1242255,0.08119711,0.06397825,-0.4839699,-3.553521,-0.3571866,0.6485482,1.354158,0.2705071,-0.09842832,0.1143488,0.03893722,-0.8520395,0.5055606,-0.06398404,0.7895899,1.41498,0.1778433,0.2464869,1.178137,0.1472544,286.2795,72.83889,195.6464
1,1.044446,0.4932091,-0.2295226,-0.01658259,-1.346394,-4.336919,-2.496866,0.5292453,1.182069,0.3207893,-0.006572418,0.08522446,-0.2305528,-1.34279,-4.204414,1.908884,0.3582697,1.136318,0.2430894,-0.1233522,0.08470996,0.02885463,-0.4850405,-3.55177,-0.357372,0.6478664,1.354059,0.2700331,-0.09418245,0.1111331,0.03891368,-0.8516321,0.5071141,-0.06406847,0.7890648,1.415005,0.1776352,0.245603,1.176801,0.1466905,286.2981,73.0368,195.7853
1,1.055557,0.4876243,-0.1660278,0.0124303,-1.349073,-4.336373,-2.499916,0.5284849,1.182003,0.320086,0.061053,-0.003364146,-0.1621635,-1.34469,-4.204082,1.903908,0.3576108,1.135535,0.2425129,-0.1276459,0.09763484,0.01621331,-0.4858,-3.548575,-0.3584753,0.6471734,1.353979,0.2694156,-0.0982989,0.1143921,0.05173196,-0.8505806,0.5088981,-0.06409457,0.7881408,1.414961,0.1773341,0.2443987,1.175426,0.1457399,286.0486,73.79742,195.1179
1,1.066668,0.4717734,-0.07143007,0.06667735,-1.351058,-4.33642,-2.501587,0.5278372,1.181826,0.3193846,0.07780381,-0.04872798,-0.1014825,-1.348664,-4.204496,1.899698,0.3569524,1.134746,0.242085,-0.1392332,0.1296461,0.01657479,-0.486371,-3.543161,-0.3612756,0.6465657,1.353767,0.268676,-0.09606904,0.114426,0.06237,-0.8495532,0.5106634,-0.06419417,0.7875397,1.414947,0.1769783,0.2432663,1.174202,0.1450666,285.777,74.1953,194.7501
1,1.077779,0.4431944,-0.006236271,0.07042962,-1.353927,-4.338363,-2.501848,0.5274613,1.181393,0.3186989,0.07135024,-0.08566863,-0.009420587,-1.351075,-4.205561,1.896248,0.3562706,1.134042,0.2418644,-0.1454318,0.1626063,0.02649231,-0.4868525,-3.537077,-0.3648318,0.6459179,1.353792,0.2681682,-0.09392399,0.1133686,0.06449375,-0.8487388,0.5125409,-0.06443065,0.7868742,1.414966,0.1766551,0.2422104,1.172982,0.1441852,285.3745,75.07608,193.5157
1,1.08889,0.4200534,0.01048608,0.06157434,-1.355194,-4.339467,-2.501335,0.5270119,1.181037,0.3181505,0.04458663,-0.08144334,0.02380702,-1.352298,-4.205866,1.892526,0.3556234,1.133405,0.2414441,-0.14107,0.1806596,0.03089003,-0.487342,-3.531447,-0.3683794,0.6452929,1.353767,0.2675779,-0.09071788,0.1133542,0.06552646,-0.8480693,0.5141849,-0.06463412,0.7863347,1.414914,0.1763253,0.2412741,1.171818,0.1436973,285.1251,75.15122,193.2287
1,1.100002,0.3881718,0.003845849,0.0393623,-1.355865,-4.339958,-2.499792,0.5268435,1.180617,0.3178873,-0.0001106623,-0.07240964,0.03926226,-1.352117,-4.205713,1.889129,0.3551189,1.132772,0.2409451,-0.1101119,0.180436,0.04135979,-0.4872754,-3.527028,-0.3721195,0.6445924,1.353709,0.2670512,-0.08867715,0.1047981,0.06022103,-0.8476112,0.515393,-0.06448525,0.7859563,1.414971,0.1759524,0.2405712,1.170328,0.1427761,284.9216,74.86005,193.4727
1,1.111113,0.3881718,0.003845849,0.0393623,-1.355865,-4.339958,-2.499792,0.5268435,1.180617,0.3178873,-0.0001106623,-0.07240964,0.03926226,-1.352117,-4.205713,1.889129,0.3551189,1.132772,0.2409451,-0.1101119,0.180436,0.04135979,-0.4872754,-3.527028,-0.3721195,0.6445924,1.353709,0.2670512,-0.08867715,0.1047981,0.06022103,-0.8476112,0.515393,-0.06448525,0.7859563,1.414971,0.1759524,0.2405712,1.170328,0.1427761,284.9216,74.86005,193.4727
1,1.122224,0.3605159,-0.01209332,0.04453404,-1.355951,-4.33881,-2.501323,0.5261118,1.180066,0.3168356,0.0252972,-0.05261555,0.004449889,-1.353592,-4.204422,1.881685,0.3544623,1.131333,0.2398639,-0.08059492,0.1529198,0.007920336,-0.488869,-3.521774,-0.3756096,0.6434937,1.353703,0.2661817,-0.08352298,0.08129574,0.05282005,-0.8467009,0.5168479,-0.06377365,0.7850101,1.414986,0.1752951,0.2397369,1.167931,0.1418833,284.6193,74.10353,194.6023
1,1.133335,0.3472895,-0.00777894,0.04853474,-1.356732,-4.337864,-2.503407,0.5257992,1.179778,0.3161833,0.06041383,-0.067791,-0.006338181,-1.354678,-4.203994,1.878169,0.354107,1.130672,0.2396026,-0.06262047,0.1369634,-0.001916189,-0.4896009,-3.519782,-0.3770946,0.642935,1.353558,0.2657721,-0.07176037,0.07168922,0.06126851,-0.8457422,0.5175026,-0.06384023,0.7845447,1.414971,0.1749737,0.2393645,1.166525,0.1416663,284.4785,73.83667,195.036
1,1.144446,0.3348891,0.007977981,0.06105976,-1.358189,-4.337712,-2.506644,0.5255135,1.179551,0.3157454,0.1137968,-0.09218009,0.006169548,-1.356343,-4.203863,1.875015,0.3539388,1.129874,0.2393696,-0.0383395,0.1082539,-0.01935932,-0.4904504,-3.51977,-0.377448,0.6424559,1.353499,0.2654848,-0.06436662,0.07058397,0.05481362,-0.8453768,0.5189309,-0.06435156,0.7840447,1.414868,0.1744509,0.2389522,1.165358,0.1414793,284.3032,73.68944,195.2953
1,1.155557,0.3245833,0.0269387,0.08163404,-1.359158,-4.336912,-2.510275,0.5252206,1.17926,0.3153353,0.1632789,-0.1038708,-0.002265888,-1.358654,-4.203757,1.871911,0.35376,1.129115,0.2391717,-0.02028493,0.1029016,-0.0248423,-0.4912414,-3.518088,-0.3792283,0.6418135,1.353407,0.2649713,-0.05268555,0.06306893,0.0547242,-0.8448783,0.5194485,-0.06441361,0.7835525,1.415042,0.1741376,0.2384387,1.164101,0.1410227,284.1542,73.45999,195.5502
1,1.166668,0.3105048,0.03253323,0.08619487,-1.360682,-4.336831,-2.512774,0.5249665,1.178972,0.3149645,0.1739078,-0.117841,0.009931438,-1.360265,-4.203575,1.869091,0.3535777,1.128362,0.2389388,-0.01275922,0.1102701,-0.0184283,-0.4917926,-3.515169,-0.3819298,0.6413102,1.353391,0.2645628,-0.0463008,0.03964627,0.06435037,-0.8438183,0.5191122,-0.06389003,0.783022,1.415057,0.1737638,0.2381681,1.162954,0.1408562,283.9853,73.14795,195.8865
1,1.17778,0.2920523,0.02843292,0.0876068,-1.361673,-4.336406,-2.51495,0.5247478,1.178577,0.3144386,0.1771266,-0.1186447,0.007612028,-1.361404,-4.203192,1.866375,0.3534757,1.127364,0.2379878,-0.01051486,0.1175974,-0.003458895,-0.4920371,-3.511462,-0.3849908,0.6408067,1.353395,0.264199,-0.04315864,0.03003388,0.06329578,-0.8431574,0.519113,-0.06346259,0.7825202,1.415075,0.173471,0.2378768,1.16174,0.1406239,283.8152,72.89373,196.2038
1,1.188891,0.2906355,0.02322965,0.08817942,-1.362513,-4.336247,-2.516622,0.5245236,1.17824,0.3141518,0.1670137,-0.1126384,0.009619607,-1.362627,-4.202755,1.863228,0.3532774,1.126477,0.2375088,-0.01047281,0.1261098,-0.002317421,-0.4926592,-3.508121,-0.3878329,0.6403008,1.353337,0.2638154,-0.03249507,0.02042302,0.06855889,-0.8422103,0.5190024,-0.06338377,0.7819768,1.415092,0.1731465,0.2375819,1.160552,0.1404196,283.6806,72.54835,196.5943
1,1.200002,0.2895163,0.007476749,0.07964902,-1.363055,-4.335745,-2.517317,0.5244011,1.177949,0.3140769,0.1376526,-0.1010475,0.0005056821,-1.36327,-4.20205,1.859968,0.3530689,1.12572,0.237308,-0.007490516,0.121059,-0.03326814,-0.49437,-3.50644,-0.3891688,0.6397232,1.353092,0.2636974,-0.02074054,0.01932131,0.07271394,-0.8412036,0.5193197,-0.06373557,0.7814115,1.415076,0.1729031,0.2371258,1.15886,0.1385989,283.5574,72.58015,196.5745
1,1.211113,0.2918025,-0.008793591,0.06293901,-1.363561,-4.335588,-2.518522,0.5242035,1.177621,0.3140473,0.1282187,-0.09007704,0.0006419064,-1.363486,-4.201574,1.856503,0.3529283,1.124958,0.2372286,-0.005536959,0.1159378,-0.05675992,-0.496009,-3.505214,-0.3900138,0.6393483,1.35301,0.2633667,-0.01211368,0.02783173,0.07898739,-0.8401389,0.5201523,-0.06450735,0.7808455,1.415124,0.1726458,0.2368795,1.15766,0.1383674,283.4329,72.60202,196.5735
1,1.222224,0.2909563,-0.02301673,0.04624513,-1.362988,-4.334828,-2.520548,0.5239285,1.177307,0.3137677,0.1394952,-0.06627059,-0.01803741,-1.363511,-4.201005,1.853105,0.3527079,1.124166,0.2370691,0.002773061,0.101223,-0.08250631,-0.4978583,-3.505143,-0.3903992,0.6388242,1.352896,0.2631047,-0.007821977,0.02994408,0.08106966,-0.8391551,0.5206142,-0.06485116,0.7803149,1.415112,0.1723776,0.2365951,1.156553,0.1382221,283.3687,73.09963,196.0989
1,1.233335,0.2856643,-0.02946177,0.03229897,-1.362572,-4.333844,-2.523454,0.5236146,1.17691,0.3135288,0.1647135,-0.0498394,-0.032246,-1.363675,-4.200657,1.850032,0.3525492,1.123355,0.2369862,0.008003667,0.09383262,-0.09218593,-0.4993347,-3.504484,-0.3911188,0.6383269,1.352645,0.2628298,-0.007775851,0.03739645,0.08210441,-0.8382038,0.5214519,-0.06538087,0.7798879,1.415118,0.1721718,0.2364268,1.155378,0.1380045,283.277,73.54161,195.7083
1,1.244446,0.2802631,-0.04346523,0.0228559,-1.361782,-4.332925,-2.526304,0.5233288,1.176587,0.3133168,0.1844252,-0.03411866,-0.04593805,-1.363455,-4.199871,1.846864,0.3523484,1.122557,0.2368841,0.006891295,0.08855131,-0.09648921,-0.5007819,-3.503729,-0.3918248,0.6378084,1.352607,0.2625043,-0.001300678,0.05123178,0.08518116,-0.8371833,0.5229459,-0.06647223,0.7793449,1.415159,0.1718714,0.2362208,1.154227,0.1378245,283.1907,74.29506,195.0117
1,1.255558,0.2775031,-0.05187484,0.01350499,-1.361493,-4.332402,-2.528755,0.5231179,1.176213,0.3128564,0.1908426,-0.0257362,-0.04622942,-1.363355,-4.199339,1.843772,0.3521936,1.121781,0.2368715,0.004759394,0.08640349,-0.09329998,-0.5019856,-3.502656,-0.3925843,0.6372706,1.352414,0.2621121,-0.001339875,0.05864663,0.07768697,-0.8367061,0.5240495,-0.06724162,0.7788899,1.4152,0.1716783,0.2360345,1.153015,0.1376126,283.1021,74.74852,194.5188
1,1.266669,0.2775031,-0.05187484,0.01350499,-1.361493,-4.332402,-2.528755,0.5231179,1.176213,0.3128564,0.1908426,-0.0257362,-0.04622942,-1.363355,-4.199339,1.843772,0.3521936,1.121781,0.2368715,0.004759394,0.08640349,-0.09329998,-0.5019856,-3.502656,-0.3925843,0.6372706,1.352414,0.2621121,-0.001339875,0.05864663,0.07768697,-0.8367061,0.5240495,-0.06724162,0.7788899,1.4152,0.1716783,0.2360345,1.153015,0.1376126,283.1021,74.74852,194.5188
1,1.27778,0.2813956,-0.05397225,0.02161676,-1.361497,-4.331628,-2.53101,0.5228709,1.175899,0.312664,0.1893266,-0.03026704,-0.04887345,-1.363979,-4.198553,1.84037,0.3520488,1.120914,0.2366865,-0.006926849,0.08747172,-0.08789729,-0.5031745,-3.50133,-0.3931926,0.6367934,1.352257,0.2617872,-0.004493617,0.07144015,0.07659905,-0.8359684,0.5257428,-0.0682001,0.778378,1.415245,0.1714244,0.2358187,1.151816,0.1374461,282.9791,75.16308,194.0833
1,1.288891,0.2887865,-0.05008986,0.02735091,-1.362,-4.330667,-2.53458,0.5225003,1.175324,0.3121006,0.1737125,-0.04035238,-0.03998638,-1.364906,-4.197293,1.833556,0.3517236,1.119353,0.2364893,-0.01416185,0.1118243,-0.06739038,-0.5051601,-3.495942,-0.3973684,0.6358153,1.352042,0.2612612,-0.01087208,0.0757195,0.07664777,-0.8343151,0.5280868,-0.06922727,0.7772806,1.415374,0.1710031,0.2354535,1.149379,0.1371738,282.7053,75.94685,193.3441
1,1.300002,0.2868797,-0.04316252,0.03449429,-1.362364,-4.329964,-2.536624,0.5222938,1.174984,0.3117785,0.1727771,-0.04797453,-0.04027405,-1.365739,-4.196695,1.830454,0.3516445,1.11861,0.2364442,-0.01838106,0.1181976,-0.06304601,-0.506269,-3.49348,-0.3990499,0.6351484,1.351959,0.2609055,-0.008673988,0.07363117,0.0830196,-0.8333628,0.5296326,-0.07043049,0.7768239,1.415182,0.1706386,0.2351245,1.148201,0.137009,282.5534,75.9189,193.395
1,1.311113,0.2749164,-0.04212378,0.032403,-1.362385,-4.32938,-2.538852,0.5220916,1.174655,0.3115656,0.1762539,-0.04600212,-0.04052034,-1.366075,-4.196186,1.827796,0.3515192,1.117873,0.2363758,-0.02378093,0.1172596,-0.07474157,-0.5079575,-3.492094,-0.3997708,0.6346723,1.351804,0.2606447,-0.008666761,0.07044447,0.08516391,-0.8323875,0.5306336,-0.07099588,0.7763305,1.415162,0.170399,0.2348345,1.146965,0.1364232,282.3875,75.99227,193.3088
1,1.322224,0.2590067,-0.03475881,0.02878958,-1.362309,-4.329143,-2.541047,0.5217853,1.174418,0.3118401,0.1820762,-0.04055777,-0.03491586,-1.366573,-4.195978,1.825615,0.3513433,1.11718,0.2365472,-0.02169733,0.1108792,-0.07694662,-0.5092283,-3.491059,-0.4004321,0.6340721,1.35167,0.2604053,-0.007667653,0.06614518,0.07984631,-0.8317361,0.5312638,-0.07144383,0.7757728,1.415181,0.1701624,0.2344604,1.145773,0.1362887,282.1515,75.90732,193.3094
1,1.333336,0.257452,-0.03046124,0.02092553,-1.362314,-4.328827,-2.542688,0.5214839,1.174053,0.3115754,0.1738578,-0.03569186,-0.02963599,-1.366773,-4.195884,1.82281,0.3511899,1.116463,0.23649,-0.015405,0.09921156,-0.08561126,-0.5106771,-3.490916,-0.4006494,0.6336398,1.351531,0.2601621,-0.00345099,0.06398083,0.07662533,-0.8309558,0.5321725,-0.07212958,0.775273,1.415278,0.1698914,0.2341495,1.144626,0.1361164,281.93,76.04073,193.1575
1,1.344447,0.2577677,-0.02879768,0.02257263,-1.362482,-4.328682,-2.544354,0.5213032,1.173715,0.3113871,0.1671376,-0.03584317,-0.02351008,-1.367264,-4.195487,1.819892,0.3510435,1.11563,0.236176,-0.005894758,0.08962825,-0.09001184,-0.5119959,-3.490467,-0.4011597,0.6333541,1.351391,0.2599232,0.001839623,0.05542691,0.07768166,-0.829947,0.5324078,-0.07238525,0.7748269,1.415405,0.169791,0.2339031,1.143523,0.1361023,281.7899,76.07925,193.1203
1,1.355558,0.2730598,-0.01447269,0.03401859,-1.363268,-4.328542,-2.545393,0.5212766,1.173225,0.310884,0.1493451,-0.04608062,-0.01371174,-1.368666,-4.195369,1.816405,0.3508991,1.114765,0.2360466,-0.00269407,0.08316842,-0.08369009,-0.5128284,-3.489583,-0.4019448,0.6329932,1.351199,0.2597041,0.003915265,0.04688074,0.07556769,-0.8291987,0.5326576,-0.07273306,0.7743639,1.415383,0.1695261,0.2337229,1.14226,0.1360161,281.6869,76.04816,193.203
1,1.366669,0.2799182,-0.01451806,0.03748598,-1.364441,-4.328604,-2.546745,0.5211713,1.172887,0.3106618,0.1405115,-0.06133445,-0.002662973,-1.36949,-4.194924,1.813002,0.350832,1.114016,0.2359765,-0.003755346,0.08637337,-0.08472545,-0.5141909,-3.488494,-0.4027709,0.6325906,1.351095,0.2595122,0.004985243,0.04475981,0.07769825,-0.8282729,0.5334297,-0.07325424,0.7738669,1.415451,0.1693304,0.2334972,1.141097,0.1357123,281.5497,76.27377,193.047
1,1.37778,0.2731229,-0.006147277,0.03797535,-1.364859,-4.328172,-2.548965,0.5209644,1.172689,0.3105717,0.1510569,-0.06328785,-0.003604806,-1.370346,-4.194765,1.810415,0.350799,1.113216,0.2358208,-0.003741078,0.09063779,-0.08468802,-0.5155497,-3.486983,-0.4039879,0.6320518,1.350892,0.2592976,0.01247366,0.04154106,0.08189543,-0.8272705,0.5338303,-0.07400978,0.7734321,1.415466,0.1690922,0.2333991,1.139908,0.1356554,281.4407,76.55215,192.8972
1,1.388891,0.2594982,0.00240681,0.04501735,-1.365199,-4.32766,-2.551306,0.5208228,1.172346,0.31036,0.1608977,-0.06375191,-0.008540321,-1.371515,-4.194675,1.808154,0.3507834,1.112484,0.2357795,0.0005047172,0.0938651,-0.09000495,-0.517041,-3.48564,-0.4053619,0.6317105,1.350662,0.2590194,0.01349757,0.04154,0.07762377,-0.8266873,0.5349632,-0.07496399,0.7730179,1.415307,0.1687031,0.2332986,1.13878,0.1354166,281.3356,76.60104,192.9353
1,1.400002,0.2484827,0.01112628,0.04591099,-1.365798,-4.327487,-2.55396,0.5208179,1.171899,0.3098288,0.1760112,-0.07033327,-0.003848874,-1.372401,-4.194794,1.805947,0.3508282,1.111577,0.2351193,-0.0006216615,0.08753224,-0.09537917,-0.5184786,-3.48507,-0.4057627,0.6313689,1.350435,0.2587714,0.01562682,0.03619838,0.07975047,-0.8257775,0.5349917,-0.07525161,0.7725991,1.415337,0.1684766,0.2332312,1.137702,0.1353683,281.2336,76.46452,193.1262
1,1.411114,0.2291597,0.02079673,0.04870435,-1.366557,-4.327565,-2.556835,0.5207846,1.171501,0.3095915,0.1921502,-0.0760427,0.004667806,-1.373488,-4.194999,1.804402,0.3509245,1.110848,0.2351651,-0.000675343,0.08225381,-0.1007531,-0.5199683,-3.484838,-0.4059576,0.6309887,1.350246,0.2585378,0.02089726,0.03510714,0.07437608,-0.8252407,0.5359362,-0.07636668,0.7721577,1.415298,0.1683128,0.2331839,1.136712,0.1353647,281.1123,76.25555,193.3394
1,1.422225,0.2291597,0.02079673,0.04870435,-1.366557,-4.327565,-2.556835,0.5207846,1.171501,0.3095915,0.1921502,-0.0760427,0.004667806,-1.373488,-4.194999,1.804402,0.3509245,1.110848,0.2351651,-0.000675343,0.08225381,-0.1007531,-0.5199683,-3.484838,-0.4059576,0.6309887,1.350246,0.2585378,0.02089726,0.03510714,0.07437608,-0.8252407,0.5359362,-0.07636668,0.7721577,1.415298,0.1683128,0.2331839,1.136712,0.1353647,281.1123,76.25555,193.3394
1,1.433336,0.1892013,0.04401419,0.04861716,-1.368591,-4.328506,-2.560641,0.5206534,1.170775,0.3093791,0.1814419,-0.0845298,0.03031983,-1.375849,-4.195832,1.801829,0.350964,1.109295,0.2346008,0.0004179403,0.08649649,-0.09858967,-0.5227295,-3.482567,-0.4079563,0.6300856,1.350037,0.2580073,0.022048,0.04682153,0.07750745,-0.8235932,0.5378127,-0.07821651,0.7712849,1.415436,0.1680884,0.2328912,1.134876,0.1353049,280.8308,75.80104,193.7646
1,1.444447,0.1793471,0.04213861,0.04823384,-1.369306,-4.328765,-2.561828,0.5206286,1.170311,0.3091612,0.16453,-0.08077265,0.0346458,-1.376699,-4.195908,1.800366,0.3509928,1.108627,0.2346194,0.002539486,0.09292695,-0.1038703,-0.5244946,-3.4813,-0.4090911,0.6296946,1.350059,0.257771,0.01992209,0.04789604,0.07752384,-0.8227751,0.5386859,-0.07894115,0.7708251,1.415441,0.1678944,0.2328366,1.133934,0.1352465,280.7115,75.57029,193.9679
1,1.455558,0.166573,0.03848393,0.05226592,-1.369973,-4.328587,-2.563375,0.5206469,1.169861,0.3090682,0.1543835,-0.07782944,0.02916216,-1.377568,-4.195776,1.798975,0.3510295,1.10798,0.2344983,0.005757749,0.1014545,-0.1048729,-0.5261224,-3.479301,-0.4109069,0.6293181,1.349933,0.2575543,0.02425143,0.04896296,0.08386929,-0.8216145,0.5394676,-0.07993291,0.7703546,1.415474,0.1677501,0.2328179,1.133095,0.135148,280.5932,75.40381,194.1272
1,1.466669,0.1612025,0.02707354,0.05105278,-1.370282,-4.328371,-2.565053,0.5205981,1.169506,0.3089828,0.1522728,-0.07150484,0.02095431,-1.378107,-4.195387,1.797412,0.3510831,1.107328,0.2344916,0.00894551,0.0982322,-0.1038581,-0.5275323,-3.478569,-0.411741,0.6289436,1.349888,0.2573619,0.0242845,0.04685585,0.08921059,-0.8203905,0.5402042,-0.0805497,0.7699063,1.415505,0.1675105,0.2327748,1.132064,0.1346402,280.5244,75.41055,194.1311
1,1.47778,0.1648281,0.01463009,0.04447855,-1.370675,-4.327871,-2.567084,0.5205105,1.169295,0.3089838,0.1570117,-0.07110504,0.01130112,-1.378373,-4.194963,1.795472,0.3511514,1.1066,0.2343791,0.006774172,0.09080289,-0.1049772,-0.5289651,-3.478007,-0.4121559,0.6285889,1.349625,0.257174,0.02532917,0.04151626,0.08922303,-0.8194168,0.54052,-0.08111057,0.7695465,1.415481,0.1673265,0.2328049,1.131109,0.1345312,280.4683,75.72786,193.8838
1,1.488891,0.1685334,0.001437253,0.03933659,-1.370276,-4.327049,-2.569198,0.5204498,1.169071,0.3088915,0.1628125,-0.05654103,-0.007079963,-1.378573,-4.194427,1.793377,0.3511754,1.106002,0.2343822,0.008877769,0.0779741,-0.1008393,-0.5299414,-3.477949,-0.412398,0.6283453,1.349418,0.2569418,0.02955375,0.04148652,0.08599043,-0.8185705,0.5413104,-0.08206717,0.7691356,1.415501,0.167249,0.2328396,1.130236,0.1343758,280.4088,76.51951,193.1956
1,1.500003,0.167877,-0.007271863,0.02985974,-1.370339,-4.32674,-2.570886,0.5203881,1.168731,0.3086135,0.1592983,-0.05203423,-0.01269259,-1.378616,-4.194223,1.791554,0.3512764,1.105329,0.2341816,0.01208825,0.0800726,-0.09871262,-0.5313182,-3.477004,-0.4133713,0.6280187,1.349149,0.2567904,0.0316452,0.04145655,0.08171035,-0.817844,0.5419731,-0.08297984,0.7687094,1.41552,0.1670852,0.2328224,1.129358,0.1342198,280.3289,77.0029,192.7243
1,1.511114,0.1614392,-0.01861289,0.02878481,-1.369963,-4.326101,-2.572736,0.5203369,1.168469,0.3085692,0.1589484,-0.04081704,-0.02252769,-1.378675,-4.193543,1.789845,0.3512513,1.104659,0.2337167,0.01419391,0.07259753,-0.09772677,-0.5324889,-3.476909,-0.4136899,0.6277286,1.349044,0.2566354,0.03163745,0.03826746,0.08279168,-0.8168805,0.5425525,-0.08366401,0.7682837,1.415584,0.1669626,0.2327707,1.128536,0.1340355,280.2277,77.00976,192.6083
1,1.522225,0.1551482,-0.02690293,0.02667426,-1.369899,-4.325565,-2.574161,0.5202266,1.168236,0.3086612,0.1515082,-0.03349275,-0.02860256,-1.378837,-4.192813,1.788258,0.3512559,1.104125,0.2337523,0.01633355,0.07043289,-0.09349953,-0.5336857,-3.475994,-0.4146206,0.6274256,1.348899,0.2565298,0.03372402,0.03716755,0.07850984,-0.8162525,0.5430389,-0.08448266,0.7679912,1.415584,0.1668098,0.2328713,1.127739,0.1337988,280.0887,77.11953,192.4185
1,1.533336,0.1468178,-0.04107609,0.01994083,-1.369803,-4.324998,-2.575771,0.5201766,1.167991,0.3086355,0.1476979,-0.03071894,-0.03253667,-1.378483,-4.19196,1.786783,0.3513007,1.103503,0.2333837,0.02063172,0.05963851,-0.07977211,-0.5340708,-3.475872,-0.4151184,0.6271627,1.348814,0.2563784,0.03365972,0.03607326,0.0721161,-0.8158232,0.5435637,-0.08524939,0.7676402,1.41549,0.1665535,0.2328915,1.126894,0.1335397,279.8864,77.02565,192.3881
1,1.544447,0.1465777,-0.06036589,0.01280984,-1.368603,-4.32358,-2.577536,0.5200335,1.167869,0.3088579,0.1481485,-0.009737097,-0.05826356,-1.377865,-4.190822,1.784834,0.3513506,1.102991,0.2333426,0.02382159,0.0585615,-0.07873736,-0.5351921,-3.475215,-0.4159613,0.6268911,1.348688,0.2562742,0.03148719,0.03180832,0.07003202,-0.8151979,0.5439023,-0.08580385,0.7672668,1.415509,0.1663845,0.232895,1.126035,0.1333966,279.7528,76.811,192.5062
1,1.555558,0.1485835,-0.07237241,0.01080835,-1.368178,-4.322603,-2.579547,0.5199534,1.16768,0.3088779,0.153185,-0.007030342,-0.06819724,-1.377605,-4.189719,1.782886,0.3514876,1.102528,0.2334142,0.02276876,0.05641091,-0.07448286,-0.5360852,-3.47422,-0.4169767,0.6265935,1.348591,0.2560136,0.02612303,0.02756692,0.06903167,-0.8143808,0.5441553,-0.0858675,0.7669502,1.415553,0.1661816,0.2329895,1.125152,0.1331873,279.6525,76.90194,192.4203
1,1.566669,0.1546636,-0.0779662,0.01184573,-1.367625,-4.321627,-2.581512,0.5199365,1.167475,0.3088326,0.155941,-0.003639936,-0.07247382,-1.377453,-4.188701,1.780692,0.3515713,1.101996,0.2333989,0.0216698,0.05969301,-0.08296207,-0.5374717,-3.473629,-0.4177392,0.6263028,1.348455,0.2558284,0.02508867,0.02866698,0.07116387,-0.813634,0.545185,-0.08690161,0.7666438,1.41536,0.1658804,0.233138,1.124423,0.1330679,279.5699,77.21496,192.1382
1,1.577781,0.1527754,-0.07547142,0.01237807,-1.367336,-4.320922,-2.583315,0.5199561,1.167347,0.3088334,0.1579356,-0.004934862,-0.07270434,-1.377432,-4.187826,1.778876,0.3516302,1.101305,0.2329977,0.02166618,0.05969722,-0.08296197,-0.5386153,-3.473032,-0.4184484,0.626016,1.348283,0.2556434,0.02728095,0.03718869,0.07323714,-0.8128117,0.5463406,-0.08816341,0.7663697,1.415398,0.1657028,0.2332664,1.123649,0.1328599,279.4919,77.46594,191.8588
1,1.588892,0.1497014,-0.06875164,0.018454,-1.367704,-4.32039,-2.585056,0.5200214,1.167042,0.30881,0.1537322,-0.01800331,-0.06269264,-1.377764,-4.187147,1.777195,0.3517355,1.100757,0.2330048,0.01522563,0.05872603,-0.09039248,-0.5400763,-3.472917,-0.4184985,0.6257488,1.348229,0.2555776,0.02301221,0.03294165,0.0743589,-0.8120229,0.546502,-0.08836102,0.7660354,1.415543,0.1656954,0.2333841,1.122993,0.1328266,279.4047,77.67153,191.6029
1,1.600003,0.1445056,-0.05474195,0.02921472,-1.368425,-4.320121,-2.586426,0.5200089,1.166695,0.3087428,0.1429808,-0.03057236,-0.04855157,-1.378485,-4.186778,1.77583,0.3519392,1.100067,0.2327716,0.007762603,0.05662443,-0.08930821,-0.5413098,-3.472569,-0.4185458,0.6253822,1.348132,0.2554028,0.02303465,0.03082462,0.07756371,-0.8110694,0.5469821,-0.08895064,0.7656983,1.415565,0.1655362,0.2334628,1.122156,0.1326776,279.3105,78.07624,191.1647
1,1.611114,0.140884,-0.03953221,0.0337829,-1.368954,-4.319649,-2.587977,0.5200949,1.166356,0.3086648,0.1383807,-0.03978947,-0.04294042,-1.37922,-4.186625,1.774435,0.3520883,1.099484,0.2327414,0.01099341,0.06191953,-0.08714646,-0.5424443,-3.471623,-0.4196439,0.6251653,1.347941,0.2552366,0.02412438,0.0372274,0.07752523,-0.8102955,0.5483181,-0.0901512,0.7653825,1.415465,0.165405,0.2336467,1.121441,0.1325124,279.1945,78.39653,190.8299
1,1.622225,0.134587,-0.02647099,0.0449733,-1.369982,-4.319501,-2.589412,0.5200571,1.165958,0.308537,0.1319093,-0.05155895,-0.02594262,-1.380208,-4.186232,1.773209,0.3522336,1.098646,0.2318575,0.007689483,0.05458254,-0.0989114,-0.544013,-3.472206,-0.4190111,0.6249113,1.347732,0.2551503,0.02726647,0.04037754,0.07002618,-0.8098156,0.5491573,-0.0912391,0.7649698,1.415489,0.1652386,0.2336895,1.120783,0.1325123,279.1014,78.32661,190.879
1,1.633336,0.1292973,-0.0161861,0.04800946,-1.370614,-4.319,-2.590752,0.5201539,1.165619,0.3084562,0.1258135,-0.05753298,-0.02614679,-1.381025,-4.186184,1.772063,0.3525655,1.098106,0.2317433,0.004412003,0.04721566,-0.1074811,-0.5455049,-3.472952,-0.4182966,0.624683,1.347542,0.2549615,0.02508127,0.03715988,0.06579211,-0.8093448,0.5493413,-0.09156214,0.7647924,1.415653,0.1652641,0.2338536,1.120035,0.1324198,279.0179,78.34924,190.8666
1,1.644447,0.1276571,-0.004182567,0.05329107,-1.371772,-4.319164,-2.592057,0.5203072,1.165573,0.3090143,0.1203723,-0.07009391,-0.01044968,-1.382052,-4.186166,1.770849,0.3528042,1.097513,0.2316809,0.00763382,0.05145085,-0.1064003,-0.5468631,-3.472638,-0.418797,0.6245501,1.347437,0.2547691,0.0240438,0.03720015,0.06793397,-0.8085762,0.5505493,-0.09271822,0.7645345,1.415596,0.1650972,0.2341027,1.119253,0.1324338,278.9215,78.22842,191.0569
1,1.655559,0.1240966,0.01468972,0.06564528,-1.372867,-4.319388,-2.593429,0.5204643,1.165139,0.3087754,0.1177556,-0.07788275,0.003721074,-1.38363,-4.186335,1.769859,0.3530532,1.096899,0.2316611,0.006570116,0.05894677,-0.109528,-0.5485707,-3.471887,-0.419332,0.6242741,1.347172,0.2545564,0.02726687,0.03718211,0.07003562,-0.8076824,0.5509648,-0.09351477,0.7642316,1.415629,0.1649406,0.2343245,1.118384,0.1324082,278.8429,77.97874,191.399
1,1.66667,0.1224776,0.03210969,0.07708673,-1.374547,-4.319622,-2.594608,0.5206896,1.164753,0.308722,0.1118156,-0.09578838,0.01541142,-1.38537,-4.186572,1.768836,0.3533445,1.096297,0.2316065,0.008742623,0.06958999,-0.1094469,-0.5501766,-3.470807,-0.4203922,0.6240826,1.347056,0.2545497,0.02410569,0.03615382,0.07433347,-0.8067503,0.5516382,-0.09409188,0.7639316,1.415742,0.1649628,0.234588,1.117702,0.1324446,278.7666,77.62365,191.8259
1,1.677781,0.1232074,0.05167228,0.08864413,-1.376283,-4.320094,-2.596047,0.5209062,1.164319,0.3084178,0.11327,-0.1129001,0.03247698,-1.38734,-4.187014,1.767737,0.3535766,1.095836,0.231735,0.007713512,0.07596539,-0.1072481,-0.5515609,-3.469773,-0.4212884,0.6238259,1.347033,0.2543683,0.02300321,0.03400536,0.07115765,-0.8060914,0.5519537,-0.09457684,0.7636328,1.415834,0.16482,0.2348507,1.116908,0.1324804,278.6423,77.36166,192.1707
1,1.688892,0.1172476,0.05758664,0.08863009,-1.377637,-4.320244,-2.59707,0.5211926,1.163922,0.3083615,0.1052127,-0.1163,0.03520832,-1.388742,-4.187204,1.766884,0.3539655,1.095227,0.2316985,0.01207369,0.08651494,-0.09759113,-0.5528126,-3.467975,-0.4230993,0.6236545,1.346993,0.2543311,0.01873798,0.02446063,0.0744366,-0.8051327,0.5522035,-0.09489455,0.763469,1.415744,0.1646523,0.2351265,1.116181,0.1325177,278.556,76.83774,192.7563
1,1.700003,0.1137308,0.0622975,0.09204756,-1.37928,-4.320608,-2.598126,0.5214126,1.16358,0.3081346,0.09845044,-0.1242858,0.04441963,-1.390293,-4.187402,1.765973,0.354272,1.094668,0.2316542,0.007821277,0.08651617,-0.09543299,-0.5540717,-3.467019,-0.4237883,0.6234691,1.346916,0.2541749,0.01761441,0.02020791,0.0702033,-0.8045692,0.5528312,-0.09549163,0.7632376,1.415719,0.1644652,0.2353277,1.115433,0.1325426,278.4696,76.21567,193.4276
1,1.711114,0.1133845,0.06567595,0.09545179,-1.38074,-4.321285,-2.599289,0.5216269,1.163144,0.3078427,0.09760845,-0.1262473,0.05723611,-1.391958,-4.187489,1.764952,0.3545069,1.094157,0.2317207,0.01311638,0.0704556,-0.08922014,-0.5548611,-3.467438,-0.42375,0.6233076,1.346907,0.2540569,0.02290257,0.01590615,0.06803942,-0.803856,0.5528027,-0.09593612,0.7629776,1.415791,0.1643364,0.235621,1.114714,0.1325533,278.3597,75.6652,194.0239
1,1.722225,0.1142501,0.06694219,0.09267729,-1.381816,-4.321333,-2.600568,0.5218192,1.162854,0.3078065,0.09850781,-0.1216085,0.04982915,-1.393343,-4.187738,1.76386,0.3547837,1.09362,0.2316806,0.01735295,0.05974087,-0.08401654,-0.5557101,-3.467474,-0.4239068,0.6231428,1.346703,0.2538974,0.02613195,0.02230487,0.06797829,-0.8032153,0.5539877,-0.09723627,0.7627414,1.415821,0.1642478,0.2357886,1.114095,0.1325595,278.2667,75.10651,194.5867
1,1.733337,0.1142501,0.06694219,0.09267729,-1.381816,-4.321333,-2.600568,0.5218192,1.162854,0.3078065,0.09850781,-0.1216085,0.04982915,-1.393343,-4.187738,1.76386,0.3547837,1.09362,0.2316806,0.01735295,0.05974087,-0.08401654,-0.5557101,-3.467474,-0.4239068,0.6231428,1.346703,0.2538974,0.02613195,0.02230487,0.06797829,-0.8032153,0.5539877,-0.09723627,0.7627414,1.415821,0.1642478,0.2357886,1.114095,0.1325595,278.2667,75.10651,194.5867
1,1.744448,0.116864,0.04942609,0.07100133,-1.382839,-4.320909,-2.603362,0.522092,1.162218,0.3075898,0.1041341,-0.09313875,0.02690437,-1.39484,-4.187792,1.761334,0.355298,1.092644,0.2319629,0.01930628,0.04928864,-0.1064941,-0.5589192,-3.468329,-0.4237145,0.6228505,1.346315,0.2537398,0.03467166,0.02228628,0.07002214,-0.8016599,0.5550626,-0.09896307,0.7622337,1.41577,0.1638801,0.2360518,1.112714,0.1325173,278.0276,75.00294,194.6646
1,1.755559,0.1195883,0.03733741,0.0655186,-1.383394,-4.320881,-2.604702,0.5223058,1.161789,0.3068724,0.1037504,-0.08803478,0.02515165,-1.395454,-4.187439,1.760019,0.3555428,1.092231,0.2321379,0.02252062,0.04711843,-0.1022767,-0.5601661,-3.46807,-0.4243174,0.6227523,1.346174,0.2536345,0.03357629,0.02014861,0.06790667,-0.8010762,0.5552906,-0.09942805,0.7620946,1.415759,0.1637559,0.2363241,1.111946,0.132484,277.9201,74.96434,194.6834
1,1.76667,0.1200156,0.03114791,0.06407721,-1.383802,-4.32096,-2.606403,0.5224599,1.161594,0.3068874,0.1134032,-0.0797696,0.02418113,-1.396277,-4.18724,1.758719,0.3557831,1.091757,0.2321694,0.02787064,0.04062819,-0.09384394,-0.5609608,-3.468233,-0.4246607,0.6226455,1.34608,0.2535253,0.03455469,0.0201192,0.058312,-0.8007721,0.5560053,-0.1004587,0.7619877,1.415635,0.1636121,0.2365746,1.111187,0.1324161,277.8458,74.56189,195.0508
1,1.777781,0.1227253,0.02620795,0.0630544,-1.384521,-4.320898,-2.60761,0.5226895,1.161525,0.3072939,0.1118547,-0.07724134,0.01700699,-1.397134,-4.187113,1.757294,0.3560811,1.091249,0.231895,0.02571758,0.03423458,-0.09175619,-0.5619238,-3.468446,-0.4245712,0.6225364,1.345949,0.2533989,0.03456872,0.01905705,0.06044141,-0.800119,0.5562132,-0.1009405,0.7618647,1.415678,0.1634603,0.2368321,1.110529,0.1323752,277.7651,74.36376,195.2456
1,1.788892,0.1177527,0.009710969,0.04995336,-1.38456,-4.320149,-2.609093,0.5228982,1.161209,0.3070564,0.1132292,-0.06419893,-0.002272742,-1.397129,-4.186712,1.756177,0.3564176,1.090823,0.2318923,0.02469648,0.03631075,-0.08534013,-0.5627787,-3.468248,-0.4249398,0.6224235,1.345862,0.2533801,0.02923984,0.02120262,0.05942545,-0.7994404,0.5566728,-0.1013692,0.7616491,1.41589,0.1634216,0.2371506,1.110036,0.1324047,277.7067,74.4782,195.166
1,1.800003,0.1151464,-0.0002171374,0.04337396,-1.384735,-4.319838,-2.610239,0.5230522,1.161001,0.3070602,0.1089979,-0.05656555,-0.006903831,-1.397335,-4.186306,1.754924,0.3566414,1.090409,0.231936,0.02578013,0.04056317,-0.08424111,-0.5638849,-3.467735,-0.4256187,0.6222628,1.345778,0.2532165,0.02927289,0.01909007,0.06369548,-0.7986074,0.5569909,-0.101924,0.7614602,1.415896,0.163291,0.2373928,1.109421,0.1322059,277.6324,74.55724,195.0879
1,1.811115,0.1121702,-0.003040114,0.03792452,-1.384727,-4.319556,-2.611576,0.5230922,1.160835,0.3070548,0.1082624,-0.04697706,-0.01171299,-1.39759,-4.186088,1.753785,0.3568579,1.090016,0.2319939,0.02583423,0.04476234,-0.07780898,-0.5646509,-3.467201,-0.4263364,0.6221532,1.345662,0.2530873,0.02704614,0.01481233,0.05628125,-0.7982202,0.5571769,-0.102222,0.7613117,1.41571,0.1629863,0.2375654,1.10886,0.132144,277.5737,74.77718,194.8389
1,1.822226,0.1081582,-0.00306648,0.03054736,-1.384698,-4.319618,-2.612554,0.5232317,1.160653,0.3070922,0.103831,-0.03792414,-0.006905532,-1.397723,-4.186057,1.752684,0.3570223,1.089665,0.2317872,0.02591095,0.04357444,-0.06396823,-0.5650014,-3.466527,-0.4271764,0.6220763,1.345574,0.2530012,0.02384199,0.01271278,0.05632181,-0.7976215,0.5577306,-0.1027788,0.7611837,1.415642,0.1628382,0.2376099,1.108394,0.1320718,277.491,74.95514,194.5895
1,1.833337,0.1001872,-0.004760804,0.0276374,-1.385197,-4.319554,-2.613487,0.5232766,1.16059,0.3072627,0.09701107,-0.0401431,-0.004815368,-1.398068,-4.185813,1.751847,0.3571364,1.089306,0.2318435,0.02586348,0.03291859,-0.06405931,-0.5655569,-3.467014,-0.4269971,0.6220863,1.345551,0.2528892,0.02590712,0.006289377,0.05206968,-0.797156,0.5575044,-0.103055,0.7610036,1.415556,0.1626942,0.2377567,1.107874,0.1319946,277.3951,75.14328,194.3431
1,1.844448,0.0935903,-0.009288915,0.01985317,-1.385085,-4.319202,-2.614411,0.5233719,1.160433,0.3072979,0.09287547,-0.0321571,-0.01044664,-1.398007,-4.185615,1.750986,0.3572876,1.088992,0.2318833,0.02798633,0.03078268,-0.06408428,-0.5662684,-3.466972,-0.4274395,0.6220403,1.345363,0.2526698,0.02478953,0.005214955,0.04782484,-0.796764,0.5576828,-0.103341,0.7608411,1.415602,0.1626146,0.2378428,1.107398,0.1318728,277.284,75.46895,193.9519
1,1.855559,0.08709314,-0.01892324,0.006939111,-1.384377,-4.318999,-2.615066,0.5234933,1.160285,0.3071699,0.08600421,-0.01161177,-0.01559341,-1.397529,-4.185395,1.750093,0.3574086,1.088643,0.231653,0.02796023,0.02545258,-0.06412902,-0.5668986,-3.467444,-0.4272935,0.6220878,1.345305,0.2525675,0.02586994,-0.001178474,0.05209817,-0.7960716,0.5571881,-0.1033477,0.7608459,1.415707,0.1624453,0.2379376,1.106811,0.1317996,277.2208,75.40163,193.953
1,1.86667,0.08825424,-0.02852122,-0.00474688,-1.383475,-4.318478,-2.616215,0.5235226,1.160208,0.3071656,0.09062624,0.004766315,-0.02564932,-1.396925,-4.185037,1.748918,0.357479,1.088379,0.2316797,0.03224538,0.0253969,-0.05989238,-0.5674855,-3.467277,-0.4279263,0.6220855,1.345255,0.2524409,0.02689839,-0.005455436,0.0499728,-0.7956071,0.5569718,-0.1035562,0.7607793,1.41568,0.1622345,0.2380481,1.106252,0.1316449,277.1741,75.47407,193.8539
1,1.877781,0.09320814,-0.03063053,-0.006973349,-1.383342,-4.31807,-2.617365,0.5235488,1.160113,0.3071623,0.09259289,0.002816856,-0.02724651,-1.396908,-4.184659,1.747701,0.3576035,1.088076,0.2317967,0.02692162,0.02111978,-0.05563225,-0.5678695,-3.467451,-0.4278168,0.6220342,1.345115,0.2522731,0.02577722,-0.008664623,0.04573601,-0.7952161,0.5567468,-0.1036441,0.7606446,1.415656,0.1620898,0.2381371,1.105765,0.131614,277.1262,75.82178,193.5458
1,1.888893,0.09320814,-0.03063053,-0.006973349,-1.383342,-4.31807,-2.617365,0.5235488,1.160113,0.3071623,0.09259289,0.002816856,-0.02724651,-1.396908,-4.184659,1.747701,0.3576035,1.088076,0.2317967,0.02692162,0.02111978,-0.05563225,-0.5678695,-3.467451,-0.4278168,0.6220342,1.345115,0.2522731,0.02577722,-0.008664623,0.04573601,-0.7952161,0.5567468,-0.1036441,0.7606446,1.415656,0.1620898,0.2381371,1.105765,0.131614,277.1262,75.82178,193.5458
1,1.900004,0.09700105,-0.01064137,-0.007224912,-1.383548,-4.318073,-2.619714,0.5236125,1.160068,0.3073142,0.0961097,-0.007060904,-0.012201,-1.397326,-4.185045,1.745664,0.3578368,1.087553,0.2320299,0.01210254,0.02639179,-0.04271071,-0.5686882,-3.466736,-0.4282714,0.6219501,1.344936,0.2519679,0.02575106,-0.01185957,0.04468667,-0.7941557,0.5565225,-0.1040438,0.7604816,1.415579,0.161675,0.2381721,1.104912,0.1316574,277.0431,76.89848,192.641
1,1.911115,0.09190814,0.008034629,0.000892086,-1.383994,-4.318695,-2.620463,0.5235999,1.160012,0.307636,0.09129785,-0.01319446,0.007909687,-1.398075,-4.18555,1.745071,0.3579652,1.087106,0.2317917,0.01315068,0.02319051,-0.04274752,-0.5691867,-3.466941,-0.4282222,0.6219587,1.344853,0.2518406,0.02678439,-0.002296099,0.03717436,-0.7941434,0.5572391,-0.1048614,0.7604802,1.415581,0.1614602,0.2381991,1.104485,0.1317027,276.9848,76.94997,192.6266
1,1.922226,0.0873002,0.02701145,0.003222422,-1.38439,-4.319311,-2.621098,0.5236881,1.15986,0.3076501,0.08369903,-0.01794612,0.02148563,-1.398762,-4.186378,1.744485,0.3580431,1.086876,0.2319007,0.01844403,0.02107836,-0.04705872,-0.5698935,-3.467148,-0.4284837,0.6219292,1.344801,0.2516389,0.02466497,0.001982073,0.03610793,-0.7938724,0.5577554,-0.1054737,0.7604029,1.415496,0.1612744,0.2381912,1.104061,0.1317018,276.9257,76.76575,192.8103
1,1.933337,0.0810821,0.03934254,0.005646379,-1.384859,-4.319987,-2.62157,0.5238068,1.159764,0.307663,0.07488859,-0.02428798,0.0333357,-1.399366,-4.186795,1.74395,0.3580773,1.086661,0.2319191,0.01952687,0.02531862,-0.04489858,-0.5704843,-3.466679,-0.4289327,0.6218282,1.3447,0.2515061,0.01933111,-0.003332672,0.03724994,-0.793345,0.5572069,-0.1051845,0.7603626,1.415476,0.1611159,0.2381672,1.103752,0.1317804,276.8132,76.27885,193.3044
1,1.944448,0.06875432,0.04476517,0.006645984,-1.385241,-4.320782,-2.621773,0.5239049,1.159638,0.3077404,0.06371983,-0.02421978,0.04368428,-1.399813,-4.187369,1.743813,0.3581623,1.086473,0.2320418,0.01423609,0.02635856,-0.03953003,-0.5708289,-3.466308,-0.4292036,0.6218249,1.344621,0.2514009,0.02143188,-0.008664998,0.03618488,-0.7929999,0.5569968,-0.1054151,0.7602955,1.415392,0.1609581,0.2381695,1.103388,0.1317656,276.7076,76.09331,193.5107
1,1.955559,0.06252477,0.04732059,0.006661325,-1.385488,-4.321108,-2.622057,0.5239497,1.159456,0.3075311,0.0560416,-0.02493674,0.04506578,-1.400308,-4.187908,1.743426,0.3582012,1.086647,0.2328823,0.0152762,0.01995347,-0.03853117,-0.5712033,-3.466627,-0.4290637,0.621834,1.344549,0.2512891,0.02353425,-0.006570056,0.03189693,-0.7927421,0.5568684,-0.1057682,0.7601833,1.415364,0.1608474,0.2382228,1.103064,0.131845,276.6563,75.56705,194.0758
1,1.966671,0.057161,0.05115651,0.003889883,-1.38581,-4.321338,-2.62252,0.5241259,1.159197,0.3071373,0.05274213,-0.0261989,0.04324598,-1.400661,-4.188572,1.743139,0.3583099,1.086478,0.2330391,0.02591661,0.009203622,-0.03337098,-0.5713354,-3.467405,-0.4290624,0.6218383,1.344449,0.2512131,0.0256779,-0.001240026,0.03078698,-0.7924896,0.5574992,-0.1065691,0.7600991,1.415362,0.1607327,0.2383015,1.102881,0.1318522,276.607,75.30936,194.412
1,1.977782,0.05645359,0.05122527,0.007350229,-1.386219,-4.321783,-2.62298,0.5242149,1.159113,0.3072348,0.05032225,-0.02827002,0.04350475,-1.401147,-4.189037,1.742764,0.3585162,1.086169,0.2328351,0.03336257,0.004902441,-0.03238794,-0.5715975,-3.467798,-0.4293444,0.6218296,1.344387,0.2510788,0.02563316,-0.00553358,0.02760857,-0.7922484,0.5568658,-0.1065006,0.7601839,1.415359,0.160598,0.238367,1.102544,0.1319126,276.5739,75.06902,194.6866
1,1.988893,0.05106269,0.04961553,-0.001557169,-1.386109,-4.322301,-2.623336,0.5243183,1.159009,0.307116,0.04821101,-0.01916258,0.04402722,-1.401176,-4.189514,1.742608,0.3586082,1.086041,0.23315,0.03649203,-0.0003686696,-0.03991239,-0.5721908,-3.468634,-0.4291666,0.6218089,1.344304,0.2509501,0.02671379,-0.008726763,0.03082051,-0.7915527,0.5565359,-0.1065685,0.7600794,1.415401,0.1604731,0.2383585,1.102225,0.1319813,276.5366,74.72371,195.0095
1,2.000004,0.05106269,0.04961553,-0.001557169,-1.386109,-4.322301,-2.623336,0.5243183,1.159009,0.307116,0.04821101,-0.01916258,0.04402722,-1.401176,-4.189514,1.742608,0.3586082,1.086041,0.23315,0.03649203,-0.0003686696,-0.03991239,-0.5721908,-3.468634,-0.4291666,0.6218089,1.344304,0.2509501,0.02671379,-0.008726763,0.03082051,-0.7915527,0.5565359,-0.1065685,0.7600794,1.415401,0.1604731,0.2383585,1.102225,0.1319813,276.5366,74.72371,195.0095
1,2.011115,0.05202252,0.04039367,-0.005459125,-1.386083,-4.322763,-2.623822,0.5243999,1.158929,0.3072076,0.04893367,-0.01349695,0.04367073,-1.401176,-4.189738,1.742041,0.3586735,1.085892,0.233345,0.03652194,0.007079992,-0.03877761,-0.5726649,-3.468257,-0.4297639,0.6218145,1.34423,0.2508731,0.02778037,-0.0108575,0.03188424,-0.7911479,0.5563334,-0.1067765,0.7599984,1.415391,0.1603365,0.2384006,1.101938,0.132133,276.4763,74.85032,194.8692
1,2.022226,0.05235656,0.03052483,-0.01468284,-1.385507,-4.323135,-2.624823,0.524479,1.158854,0.3073287,0.04937572,0.003050931,0.03108522,-1.401031,-4.190265,1.741072,0.3587522,1.085635,0.2337942,0.02708079,0.01439537,-0.01841591,-0.5727394,-3.467233,-0.4308704,0.6218609,1.344151,0.2506034,0.02994478,-0.006602248,0.0339744,-0.7902963,0.5563418,-0.1074522,0.7599688,1.415368,0.1601961,0.2383405,1.101383,0.1322471,276.3919,75.70251,193.9875
1,2.033337,0.05646866,0.02105254,-0.0189248,-1.385247,-4.323484,-2.625643,0.5245672,1.159041,0.3078129,0.05766625,0.008449242,0.02900677,-1.400673,-4.190499,1.740367,0.3589129,1.085387,0.2336977,0.02283867,0.01546118,-0.01625028,-0.5729488,-3.466915,-0.4312837,0.6219388,1.344086,0.2504711,0.03095444,-0.0055697,0.02863253,-0.7902036,0.55619,-0.1076104,0.7599854,1.415414,0.159992,0.2383716,1.101127,0.1322958,276.3723,76.23675,193.4652
1,2.044448,0.05646866,0.02105254,-0.0189248,-1.385247,-4.323484,-2.625643,0.5245672,1.159041,0.3078129,0.05766625,0.008449242,0.02900677,-1.400673,-4.190499,1.740367,0.3589129,1.085387,0.2336977,0.02283867,0.01546118,-0.01625028,-0.5729488,-3.466915,-0.4312837,0.6219388,1.344086,0.2504711,0.03095444,-0.0055697,0.02863253,-0.7902036,0.55619,-0.1076104,0.7599854,1.415414,0.159992,0.2383716,1.101127,0.1322958,276.3723,76.23675,193.4652
1,2.055559,0.06058633,0.004462632,-0.03775713,-1.384114,-4.323509,-2.62697,0.5247514,1.159064,0.3079951,0.06329781,0.02230334,0.01258517,-1.39946,-4.19093,1.738804,0.3591348,1.085085,0.2338569,0.02275035,0.01022127,-0.0258792,-0.5737136,-3.467567,-0.4311083,0.6220281,1.34392,0.2503083,0.02345731,-0.004492996,0.02444158,-0.7897711,0.5560284,-0.1077054,0.7599831,1.415365,0.1597629,0.2385265,1.100408,0.1322863,276.276,77.39572,192.3322
1,2.06667,0.06188407,-0.0004097368,-0.04197848,-1.383298,-4.323435,-2.627631,0.524768,1.15917,0.3082778,0.06392761,0.03306182,0.003767965,-1.398926,-4.190926,1.737995,0.3591842,1.084862,0.2337043,0.0237695,0.007070182,-0.03124018,-0.5741935,-3.467967,-0.4310784,0.6220757,1.343889,0.2502737,0.02247392,-0.002328872,0.031901,-0.7891436,0.5561532,-0.107992,0.7599909,1.415385,0.1596456,0.2385694,1.100091,0.132324,276.2139,77.69101,192.0122
1,2.077781,0.05914562,-0.007967803,-0.04141832,-1.3827,-4.323697,-2.628163,0.5248358,1.159057,0.3081818,0.06324784,0.03687003,0.006074641,-1.398458,-4.190808,1.737336,0.3592547,1.084759,0.233911,0.01838805,0.001809604,-0.0355247,-0.574732,-3.468654,-0.4304054,0.6220754,1.34383,0.250186,0.0213893,0.00297997,0.02762737,-0.7890291,0.5563614,-0.1083217,0.7599465,1.41536,0.1595459,0.2383853,1.099783,0.1323742,276.126,77.55811,192.0754
1,2.088892,0.05408587,-0.00788233,-0.04867139,-1.382241,-4.323835,-2.628701,0.5248871,1.15902,0.3083014,0.06121765,0.03746288,0.004961807,-1.397794,-4.191069,1.736765,0.3592898,1.084648,0.233994,0.01625519,0.0007590847,-0.03552617,-0.5751442,-3.468853,-0.430398,0.6220738,1.343792,0.2501841,0.02352392,0.002975254,0.02867735,-0.7886083,0.5564772,-0.1086612,0.75991,1.415407,0.1594489,0.2384457,1.099473,0.1324408,276.036,77.65295,191.9758
1,2.100003,0.05494597,-0.004916765,-0.04297865,-1.381842,-4.324039,-2.629086,0.5249832,1.158993,0.308454,0.05671379,0.03633532,0.006495779,-1.397655,-4.191262,1.736131,0.3593865,1.084523,0.2341893,0.01419577,0.007092259,-0.02799942,-0.5752966,-3.468349,-0.4309117,0.6221238,1.343727,0.2500808,0.01814003,0.001902218,0.02340428,-0.7885993,0.5562626,-0.1085241,0.7599192,1.415315,0.1593657,0.2385007,1.099206,0.1325424,275.9722,78.10554,191.5564
1,2.111114,0.05431776,0.005969298,-0.03741071,-1.381833,-4.324306,-2.62963,0.5251122,1.158682,0.3079629,0.0544031,0.02816203,0.01152959,-1.397774,-4.19176,1.735574,0.359505,1.084233,0.2338519,0.01101474,0.01029306,-0.02689283,-0.5757211,-3.468232,-0.4309607,0.6221453,1.343732,0.2499561,0.01809102,0.0008092998,0.01915218,-0.788439,0.5560512,-0.1085358,0.7599006,1.4153,0.1591787,0.2385479,1.09897,0.1326606,275.9456,78.42655,191.2637
1,2.122225,0.05297111,0.009817196,-0.03285,-1.381915,-4.324765,-2.630158,0.525228,1.158638,0.308095,0.05416237,0.02006049,0.0189969,-1.397794,-4.192081,1.735094,0.3596152,1.08411,0.2340682,0.01206018,0.003890566,-0.02588923,-0.5758606,-3.468652,-0.43081,0.6221767,1.343707,0.2498736,0.01808508,0.001870125,0.01808244,-0.7882925,0.5561625,-0.1088106,0.7598729,1.41528,0.1590614,0.2386005,1.098724,0.1327787,275.9089,78.7484,190.9726
1,2.133336,0.04839717,0.02441354,-0.02684099,-1.382124,-4.325378,-2.630459,0.5254355,1.158306,0.3075452,0.04838625,0.01166072,0.02928728,-1.398164,-4.192829,1.734881,0.3597147,1.08404,0.2343562,0.02056523,0.0006727576,-0.02703691,-0.5761568,-3.469048,-0.4310704,0.6222019,1.343588,0.2497914,0.01596597,-0.0002334192,0.02024538,-0.7879628,0.5562758,-0.1089843,0.7598938,1.41505,0.1587973,0.2386288,1.098506,0.1329271,275.8748,78.86217,190.8701
1,2.144447,0.04405111,0.034248,-0.02496468,-1.382272,-4.326254,-2.630726,0.5255443,1.158232,0.3076749,0.04528345,0.00801266,0.04133141,-1.398361,-4.193597,1.734699,0.3597756,1.08395,0.234597,0.0227267,0.003832789,-0.02382478,-0.5763997,-3.46885,-0.4315109,0.622246,1.343501,0.2497323,0.0149182,-0.002333821,0.02346399,-0.7875441,0.5564294,-0.1091622,0.7598649,1.414947,0.1586931,0.2385414,1.098301,0.1330872,275.8486,78.56335,191.1259
1,2.155558,0.03849382,0.02691876,-0.03086624,-1.381817,-4.326656,-2.630959,0.5256069,1.157955,0.3071594,0.04082096,0.01467604,0.0397391,-1.397834,-4.193754,1.734478,0.3597983,1.083739,0.2345674,0.024869,0.008090381,-0.02380955,-0.5769137,-3.468661,-0.4319069,0.6223111,1.343383,0.2496569,0.01705962,-0.003411492,0.02451122,-0.7872485,0.5562208,-0.1093529,0.7599601,1.415002,0.1585739,0.238618,1.09814,0.1331786,275.832,78.34801,191.3387
1,2.166669,0.03849382,0.02691876,-0.03086624,-1.381817,-4.326656,-2.630959,0.5256069,1.157955,0.3071594,0.04082096,0.01467604,0.0397391,-1.397834,-4.193754,1.734478,0.3597983,1.083739,0.2345674,0.024869,0.008090381,-0.02380955,-0.5769137,-3.468661,-0.4319069,0.6223111,1.343383,0.2496569,0.01705962,-0.003411492,0.02451122,-0.7872485,0.5562208,-0.1093529,0.7599601,1.415002,0.1585739,0.238618,1.09814,0.1331786,275.832,78.34801,191.3387
1,2.17778,0.03537036,0.02278933,-0.02682848,-1.381162,-4.326981,-2.631409,0.5256954,1.157868,0.3071265,0.03526124,0.01806284,0.02803379,-1.397625,-4.194408,1.733825,0.3599269,1.08364,0.2349229,0.02283103,0.004745381,-0.005718053,-0.5766479,-3.468325,-0.4326262,0.6222636,1.343426,0.2496002,0.01914057,-0.00768682,0.02131783,-0.7867633,0.556034,-0.1097297,0.7598734,1.414971,0.1583884,0.2386156,1.097765,0.1334181,275.7781,78.04633,191.7752
1,2.188891,0.03890402,0.02520554,-0.02582676,-1.381221,-4.327242,-2.631937,0.5257496,1.157852,0.3072352,0.03884521,0.0121875,0.02754874,-1.397656,-4.194874,1.733347,0.3599821,1.083557,0.2350826,0.02711931,0.003614577,-0.0004269294,-0.5764652,-3.468189,-0.4332097,0.6223104,1.34337,0.2495449,0.02227939,-0.01410251,0.01918172,-0.786603,0.5554922,-0.1095893,0.7598802,1.415102,0.1585243,0.2386241,1.097569,0.1335332,275.78,78.14716,191.7395
1,2.200002,0.03890402,0.02520554,-0.02582676,-1.381221,-4.327242,-2.631937,0.5257496,1.157852,0.3072352,0.03884521,0.0121875,0.02754874,-1.397656,-4.194874,1.733347,0.3599821,1.083557,0.2350826,0.02711931,0.003614577,-0.0004269294,-0.5764652,-3.468189,-0.4332097,0.6223104,1.34337,0.2495449,0.02227939,-0.01410251,0.01918172,-0.786603,0.5554922,-0.1095893,0.7598802,1.415102,0.1585243,0.2386241,1.097569,0.1335332,275.78,78.14716,191.7395
1,2.211113,0.04002751,0.02613825,-0.02627303,-1.38109,-4.327669,-2.63276,0.5256279,1.158032,0.3076022,0.0385952,0.009506833,0.0255306,-1.397567,-4.195852,1.732314,0.3598764,1.083558,0.2353556,0.03021564,-0.001590844,-0.01434129,-0.5771469,-3.468979,-0.4334297,0.6222473,1.343308,0.2495217,0.02013713,-0.009853819,0.01598781,-0.7863659,0.555177,-0.1097526,0.7598766,1.415125,0.15839,0.2384739,1.09721,0.1337335,275.7227,78.60709,191.3172
1,2.222224,0.0335309,0.02803483,-0.0282742,-1.380813,-4.327999,-2.633068,0.5256491,1.157995,0.3076999,0.03795074,0.01299436,0.02547658,-1.397431,-4.196364,1.732234,0.3598589,1.083525,0.2355289,0.03339554,-0.006938342,-0.01334279,-0.5771257,-3.469483,-0.4335016,0.6222051,1.343335,0.2495391,0.02229139,-0.0141065,0.0202456,-0.7859324,0.5547623,-0.1097907,0.7598528,1.41513,0.1583269,0.2383627,1.097043,0.1337223,275.6448,78.93657,190.9404
1,2.233335,0.03260085,0.02574964,-0.02514341,-1.380754,-4.328455,-2.633212,0.5256145,1.158012,0.3077376,0.03339578,0.01220764,0.02935065,-1.397542,-4.196652,1.731931,0.3597908,1.083403,0.2356277,0.03022861,-0.006965544,-0.009058256,-0.5769685,-3.469557,-0.4336936,0.6222272,1.343315,0.2495127,0.02015439,-0.01410454,0.02026971,-0.7856458,0.554426,-0.1095947,0.7597876,1.415131,0.1582923,0.2382904,1.096812,0.133788,275.5933,79.09892,190.7768
1,2.244446,0.02975329,0.02057665,-0.02758708,-1.380529,-4.328612,-2.633374,0.5256023,1.158019,0.3078408,0.03056006,0.01390595,0.02517213,-1.397207,-4.196862,1.731713,0.3597935,1.083337,0.2357597,0.02493655,-0.004851393,-0.004746282,-0.5768849,-3.469419,-0.4338915,0.622224,1.343302,0.2494624,0.01906804,-0.01410875,0.01814979,-0.7855052,0.5542069,-0.1096024,0.7597612,1.415145,0.1582448,0.2382783,1.096623,0.1338027,275.5647,78.95647,190.8921
1,2.255557,0.03469138,0.01307414,-0.02578355,-1.380201,-4.328618,-2.633817,0.5256038,1.158098,0.30808,0.03327316,0.0166062,0.01953093,-1.397014,-4.197012,1.731103,0.3598901,1.083166,0.2356572,0.02066656,0.0005394425,-0.009992614,-0.5771683,-3.469249,-0.4341229,0.6222991,1.343315,0.2494056,0.0158499,-0.01410422,0.01604677,-0.7854333,0.553966,-0.1094855,0.7598079,1.415016,0.1581876,0.2382556,1.096493,0.1337516,275.5349,79.17021,190.7271
1,2.266668,0.03543079,0.00151512,-0.02998525,-1.379588,-4.328191,-2.634406,0.5255624,1.158131,0.3081801,0.03778299,0.02212362,0.004829122,-1.396438,-4.196856,1.730593,0.3598601,1.083113,0.2357929,0.01533532,0.007000937,-0.01522946,-0.5776237,-3.468982,-0.4343368,0.6222746,1.343261,0.2493432,0.01902203,-0.01411008,0.01388701,-0.7853326,0.5541031,-0.1098892,0.7597312,1.415056,0.1581788,0.2382555,1.096309,0.1337475,275.5455,79.43959,190.5134
1,2.277779,0.03447196,-0.006187771,-0.0329741,-1.378909,-4.328048,-2.634619,0.5255694,1.1581,0.3081422,0.03476524,0.03028927,-0.001758534,-1.395898,-4.196854,1.730231,0.359834,1.082866,0.2356131,0.01637366,0.009183839,-0.02160706,-0.57811,-3.469064,-0.4345374,0.6223086,1.34313,0.249305,0.01912502,-0.01088976,0.02239455,-0.7847548,0.5539965,-0.1101052,0.7596347,1.415018,0.1581411,0.2382464,1.096155,0.1338053,275.544,79.94753,190.0415
1,2.28889,0.02975451,-0.008838839,-0.03486471,-1.37828,-4.328019,-2.634879,0.525528,1.158084,0.3082645,0.03322808,0.03454895,-0.003878466,-1.395414,-4.19689,1.730032,0.3597912,1.082862,0.2357779,0.01419095,0.002839581,-0.02591267,-0.5784609,-3.469788,-0.4339901,0.6222961,1.343116,0.2492571,0.02236422,-0.008742267,0.02555179,-0.7843393,0.5543934,-0.1108053,0.7595816,1.415018,0.1581864,0.2382082,1.095994,0.1338404,275.5255,80.55509,189.4353
1,2.300001,0.01607814,-0.01107544,-0.04023584,-1.378206,-4.32847,-2.634813,0.5254714,1.157958,0.3080447,0.02489681,0.03050333,0.004220665,-1.394766,-4.19689,1.73038,0.3597218,1.082946,0.2362053,0.01313246,0.0006728554,-0.02167425,-0.5785909,-3.470162,-0.4336455,0.6223743,1.343042,0.2495658,0.02231229,-0.008770473,0.02022568,-0.7843345,0.5541325,-0.1108788,0.7595832,1.414981,0.1581545,0.2380886,1.095835,0.1336527,275.5327,81.31516,188.655
1,2.311112,0.02340609,0.001496374,-0.03176688,-1.37781,-4.328861,-2.635192,0.5254441,1.157947,0.3081057,0.02911966,0.03169609,0.009455806,-1.395063,-4.197276,1.729981,0.3596155,1.083013,0.2367864,0.01537356,0.003715996,-0.005684172,-0.5782176,-3.469484,-0.4345259,0.6223527,1.343097,0.2495131,0.01907881,-0.008766657,0.01706528,-0.784212,0.5540583,-0.1108264,0.759555,1.414916,0.158051,0.238074,1.095759,0.1337225,275.5121,82.01616,187.9818
