loc,t,aDotUA,bDotUA,gDotUA,aUA,bUA,gUA,xUA,yUA,zUA,qE,qDotE,aDotSH,bDotSH,gDotSH,aSH,bSH,gSH,xSH,ySH,zSH,aDotUB,bDotUB,gDotUB,aUB,bUB,gUB,xUB,yUB,zUB,xHand,yHand,zHand,aHand,bHand,gHand,enable
3,0,-0.5462976,-1.271548,0.2363164,-1.476471,-3.783699,2.811381,0.5295234,1.10495,0.4616363,-1.943915,0.2091574,-0.2783089,0.2662689,0.3551934,-1.066658,-2.970089,-0.8286748,0.5131694,1.311869,0.3562219,-0.1353474,-0.06265032,0.600123,-0.4665437,1.195701,-0.8262329,0.6588089,1.463766,0.2708092,0.4383342,1.019611,0.2215874,293.3762,216.7693,351.2587,True
3,0.01111111,-0.5601885,-1.227345,0.3085053,-1.486014,-3.773879,2.817301,0.5273143,1.103058,0.4584939,-1.942966,0.08327959,-0.3060368,0.2337524,0.2370581,-1.068814,-2.969648,-0.8247373,0.5118234,1.310802,0.3550813,-0.1748757,-0.03177381,0.5886774,-0.4628324,1.207295,-0.8333519,0.6574317,1.463209,0.2703867,0.4382773,1.01922,0.2167556,292.9615,217.9622,349.2044,True
3,0.02222222,-0.5623406,-1.204758,0.337098,-1.494452,-3.763414,2.8228,0.5253011,1.100893,0.4551542,-1.939933,0.2746649,-0.3422403,0.2374859,0.11487,-1.072604,-2.969813,-0.8196571,0.5105684,1.309727,0.3538454,-0.2165587,0.01080114,0.5729572,-0.4600653,1.219375,-0.8403251,0.6562607,1.462652,0.2699206,0.4395786,1.018755,0.2109313,292.6196,218.4061,347.4751,True
3,0.03333334,-0.5730529,-1.173707,0.3635063,-1.502714,-3.753146,2.828762,0.5233811,1.098748,0.4513838,-1.93759,0.2092175,-0.3779412,0.261269,0.04494406,-1.076488,-2.968119,-0.8151627,0.5093127,1.308785,0.3525133,-0.2872018,0.09594536,0.5328985,-0.4600419,1.2331,-0.8470815,0.6552896,1.462106,0.2694795,0.441802,1.018184,0.2043733,292.3843,218.6508,345.6988,True
3,0.04444445,-0.5752855,-1.150336,0.3559021,-1.510046,-3.742812,2.834737,0.5215487,1.097145,0.4479008,-1.934533,0.2748654,-0.447645,0.3064198,-0.02033861,-1.081823,-2.96635,-0.8086119,0.5080795,1.307817,0.3509967,-0.3365603,0.1714933,0.4916204,-0.4605921,1.246672,-0.853807,0.6543097,1.461699,0.2691767,0.444725,1.017578,0.1977282,292.23,218.7316,343.9438,True
3,0.05555556,-0.5859907,-1.145375,0.3154264,-1.516024,-3.731054,2.84053,0.5196326,1.095593,0.4436448,-1.930174,0.3932888,-0.5327605,0.3438978,-0.0173396,-1.085319,-2.962214,-0.8018597,0.5067984,1.307064,0.3495624,-0.3837111,0.2097768,0.4578421,-0.4605399,1.258672,-0.8588591,0.6533387,1.461379,0.2688715,0.4479593,1.016845,0.1912803,292.0315,218.6549,342.3809,True
3,0.06666667,-0.5754347,-1.126404,0.2875341,-1.52175,-3.720112,2.845995,0.5180814,1.093748,0.439754,-1.925781,0.3949928,-0.6133248,0.3631154,0.0239068,-1.087411,-2.957154,-0.794883,0.5054101,1.306486,0.3477368,-0.4361867,0.2523102,0.4241133,-0.4609676,1.2711,-0.8635782,0.6523871,1.461111,0.268455,0.4510686,1.015937,0.1851028,291.9229,218.6001,340.9282,True
3,0.07777778,-0.5425678,-1.085873,0.2796987,-1.527725,-3.710367,2.850636,0.5163823,1.092334,0.4360199,-1.921265,0.4061517,-0.6691573,0.4098985,0.08422102,-1.089698,-2.950013,-0.7889508,0.5042446,1.30601,0.3456118,-0.4726061,0.2874154,0.4008981,-0.4619407,1.283681,-0.8682579,0.6515837,1.460976,0.2680905,0.4537829,1.014918,0.1793206,291.9655,218.5134,339.7437,True
3,0.08888889,-0.5161211,-1.030376,0.281355,-1.533635,-3.70197,2.855213,0.5147864,1.090979,0.4324534,-1.916813,0.4002829,-0.6866852,0.4459597,0.142023,-1.091795,-2.942432,-0.7845273,0.5030578,1.305468,0.3433821,-0.5239397,0.3214438,0.3767538,-0.4632142,1.296127,-0.8720081,0.6509231,1.460985,0.2677629,0.455896,1.013792,0.1737302,292.0078,218.3787,338.922,True
3,0.1,-0.4770727,-0.9183317,0.2878655,-1.538667,-3.696805,2.859037,0.5134347,1.090164,0.4290078,-1.912698,0.369255,-0.7240922,0.4936366,0.2384017,-1.092651,-2.931977,-0.7800569,0.501778,1.305257,0.3412201,-0.5730585,0.3448453,0.3632582,-0.4644713,1.308825,-0.8753368,0.6502068,1.461009,0.2674274,0.4575325,1.012575,0.1685731,292.0267,218.4186,338.1187,True
3,0.1111111,-0.4400584,-0.8339834,0.2956609,-1.543848,-3.691725,2.862521,0.511997,1.089393,0.425591,-1.907749,0.4458021,-0.7480882,0.5158786,0.2919477,-1.093791,-2.92291,-0.7750638,0.500322,1.305101,0.3391986,-0.6020521,0.3650438,0.3357608,-0.4662583,1.320677,-0.8782842,0.6495187,1.461005,0.267029,0.4586937,1.011318,0.1639106,292.134,218.6723,337.2314,True
3,0.1222222,-0.3594937,-0.716522,0.2956591,-1.548161,-3.688907,2.863674,0.5108211,1.089414,0.4227107,-1.903398,0.3903925,-0.7752428,0.4773244,0.3655492,-1.091852,-2.914362,-0.7693806,0.4988374,1.305329,0.3367298,-0.6471909,0.3830581,0.2870865,-0.4690956,1.330129,-0.8778296,0.6489288,1.461074,0.2665813,0.4593667,1.010072,0.1597238,292.3414,219.0264,336.4034,True
3,0.1333333,-0.3362278,-0.6611031,0.2941104,-1.552999,-3.683466,2.866767,0.5097554,1.088401,0.4201114,-1.898663,0.4262247,-0.7718955,0.4666034,0.3867757,-1.09188,-2.906802,-0.7644431,0.4974208,1.305311,0.3346179,-0.6922905,0.393643,0.243748,-0.4719995,1.339136,-0.8766524,0.6483565,1.461177,0.2661366,0.4594896,1.00893,0.1559445,292.6203,219.3601,335.7846,True
3,0.1444445,-0.3003355,-0.5715805,0.2826923,-1.556492,-3.681125,2.868836,0.5085776,1.088492,0.4176743,-1.895965,0.2396691,-0.7278171,0.5004528,0.4238063,-1.09223,-2.896725,-0.762548,0.4960706,1.305548,0.3323355,-0.7223209,0.3989088,0.2194809,-0.474269,1.348405,-0.8759906,0.6478759,1.461315,0.2656093,0.4591378,1.007977,0.1525388,292.9448,219.7605,335.2668,True
3,0.1555556,-0.2654926,-0.4863538,0.2691771,-1.559747,-3.678972,2.870712,0.5073088,1.088562,0.4155374,-1.889229,0.6106224,-0.6806043,0.5300634,0.4543909,-1.09286,-2.886463,-0.7614758,0.4948829,1.305718,0.3301125,-0.7288219,0.3861148,0.2057082,-0.4761274,1.357065,-0.875356,0.6473684,1.461431,0.2650046,0.4585657,1.007256,0.1497515,293.1304,220.2052,334.862,True
3,0.1666667,-0.2401281,-0.4363233,0.2527601,-1.562724,-3.676584,2.872473,0.5060967,1.088701,0.4133356,-1.885337,0.3475609,-0.6001912,0.5776409,0.5007463,-1.093359,-2.874165,-0.7634401,0.4938172,1.306161,0.3279641,-0.7279982,0.3540956,0.1748641,-0.4776182,1.362278,-0.8719903,0.6470402,1.461659,0.2642622,0.4579764,1.006633,0.1474005,293.1942,220.8396,334.3418,True
3,0.1777778,-0.2160114,-0.3438251,0.2210937,-1.564272,-3.675842,2.874146,0.5047538,1.089203,0.4116561,-1.881176,0.3748935,-0.5208208,0.5985541,0.5576506,-1.092708,-2.862034,-0.7658857,0.4928127,1.306607,0.3261108,-0.721926,0.3146073,0.1354551,-0.4790558,1.365416,-0.8668523,0.646565,1.461917,0.2635043,0.4574385,1.006232,0.1453224,293.4579,221.6261,333.4915,True
3,0.1888889,-0.1940432,-0.2568134,0.1681703,-1.564381,-3.67565,2.8757,0.5034612,1.089824,0.4101727,-1.877072,0.3692968,-0.4321041,0.5811616,0.5962375,-1.091185,-2.851194,-0.7689614,0.4918967,1.307243,0.3242204,-0.7007675,0.2666379,0.1161912,-0.4796422,1.368686,-0.8626501,0.6463811,1.462114,0.2626815,0.4569269,1.006084,0.1434113,293.7149,222.1649,332.7782,True
3,0.2,-0.1656624,-0.1837505,0.09830283,-1.563007,-3.675764,2.876593,0.5021797,1.09056,0.4088268,-1.873204,0.3480352,-0.3394838,0.5073871,0.609021,-1.088233,-2.842891,-0.7722145,0.4910996,1.307919,0.3225815,-0.6731085,0.2112377,0.1096744,-0.4793461,1.371054,-0.8581696,0.646226,1.462369,0.2616582,0.4563513,1.006039,0.1413635,293.8207,222.3803,332.4392,True
3,0.2111111,-0.1424429,-0.1446522,0.04894095,-1.562116,-3.674842,2.877234,0.5009283,1.091057,0.4075396,-1.86963,0.3215862,-0.2822126,0.4412529,0.596566,-1.08586,-2.8361,-0.7741173,0.4902207,1.308535,0.3208866,-0.6582158,0.1750184,0.1053633,-0.4792811,1.374066,-0.8541548,0.6462363,1.462709,0.2607257,0.4556031,1.00611,0.1394489,293.8727,222.0006,332.6173,True
3,0.2222222,-0.1012865,-0.09101462,-0.05915037,-1.55768,-3.674533,2.876936,0.4994483,1.092112,0.4067886,-1.866858,0.2486425,-0.1778662,0.3060446,0.503556,-1.083236,-2.835172,-0.7762028,0.4896866,1.309341,0.3195999,-0.6357914,0.1270944,0.1105938,-0.4780715,1.375984,-0.8496493,0.6462473,1.463143,0.2596133,0.454519,1.00624,0.1377839,293.8466,221.3249,333.1678,True
3,0.2333333,-0.08121142,-0.07329562,-0.1168668,-1.554832,-3.673109,2.87714,0.4980674,1.092984,0.4056652,-1.863991,0.2580838,-0.1390115,0.2624597,0.4508545,-1.082102,-2.831279,-0.7774712,0.488988,1.310016,0.3178735,-0.6134869,0.0780775,0.1019764,-0.4769503,1.376486,-0.8439028,0.6462502,1.463628,0.2585304,0.4530945,1.006391,0.1364949,293.7952,220.8607,333.6387,True
3,0.2444444,-0.04944547,-0.06209315,-0.1979782,-1.550079,-3.671526,2.876558,0.4964563,1.094195,0.4049671,-1.862012,0.1769285,-0.08508889,0.2155829,0.4161291,-1.080254,-2.827955,-0.7799571,0.4884776,1.310873,0.3165102,-0.5985993,0.04504931,0.09765335,-0.4758062,1.377025,-0.8382608,0.6462897,1.464058,0.2574456,0.4514813,1.006501,0.1356248,293.769,220.6443,333.96,True
3,0.2555556,-0.02188526,-0.06797932,-0.2810792,-1.54494,-3.668896,2.875987,0.4949806,1.095562,0.4042892,-1.858924,0.2794259,-0.03408005,0.1888623,0.4081353,-1.07811,-2.823134,-0.7834325,0.4880781,1.311859,0.3147523,-0.5730637,0.001370013,0.09326275,-0.4741476,1.376426,-0.8321036,0.6466715,1.464578,0.2562201,0.4497646,1.006549,0.1352214,293.8323,220.2586,334.4315,True
3,0.2666667,-0.004921868,-0.07474079,-0.3364557,-1.53974,-3.666381,2.875376,0.4933456,1.096954,0.4036515,-1.85726,0.1482235,-0.005263723,0.1962363,0.4121754,-1.076478,-2.817396,-0.7870893,0.4876224,1.312799,0.3132823,-0.5592325,-0.01142472,0.09105279,-0.4730083,1.377316,-0.8270633,0.6469052,1.464987,0.2550187,0.4481205,1.006606,0.1349985,294.0824,220.4816,334.2617,True
3,0.2777778,0.02162641,-0.092325,-0.4162769,-1.53318,-3.662586,2.874129,0.4918364,1.098642,0.4032664,-1.855216,0.1845981,0.02489832,0.2301531,0.4418658,-1.075017,-2.809377,-0.7920603,0.4873408,1.313919,0.3116696,-0.5381345,-0.04767513,0.06431981,-0.4718727,1.374859,-0.8195071,0.6475068,1.465651,0.2538848,0.446685,1.006742,0.1347932,294.2716,220.4622,334.2393,True
3,0.2888889,0.04816984,-0.1045061,-0.4865414,-1.526359,-3.658869,2.872581,0.4902008,1.100448,0.4031055,-1.853444,0.1594063,0.05846684,0.2767577,0.4928802,-1.073233,-2.79989,-0.798237,0.4871426,1.31503,0.3099325,-0.5298836,-0.06690785,0.03126709,-0.4713326,1.371929,-0.8110697,0.6479102,1.466196,0.2527893,0.4454445,1.006978,0.1344912,294.3451,219.7254,334.9057,True
3,0.3,0.05974579,-0.09533099,-0.5452271,-1.518799,-3.655982,2.871372,0.4886501,1.102508,0.4031334,-1.852528,0.08165429,0.08571345,0.315892,0.5535117,-1.071039,-2.789369,-0.8051492,0.4870591,1.316374,0.3085697,-0.5238516,-0.09361809,-0.01454417,-0.4710988,1.366226,-0.800384,0.6485245,1.466857,0.2517357,0.4442736,1.007286,0.1341135,294.3458,218.4424,336.1206,True
3,0.3111111,0.06602331,-0.07637121,-0.5741521,-1.511951,-3.653774,2.870333,0.4872503,1.104498,0.402916,-1.851627,0.08103116,0.09360674,0.3444821,0.5972252,-1.068842,-2.77913,-0.8112516,0.4870006,1.317633,0.3069439,-0.5080929,-0.1021936,-0.04128151,-0.4708565,1.362264,-0.7916039,0.6490301,1.467477,0.2505963,0.443216,1.007713,0.1339023,294.3631,217.1199,337.2931,True
3,0.3222222,0.05935961,-0.0170029,-0.6086899,-1.503809,-3.653394,2.869875,0.4858422,1.107115,0.4035597,-1.850333,0.1171016,0.1154707,0.3793875,0.6525608,-1.066488,-2.767194,-0.8190534,0.4871225,1.319211,0.3058059,-0.4858691,-0.1277885,-0.06059089,-0.4701774,1.356527,-0.7818947,0.6497845,1.468292,0.2495201,0.442133,1.00813,0.1341129,294.4991,215.4305,338.8629,True
3,0.3333333,0.05071314,0.01055355,-0.6216761,-1.496652,-3.652257,2.8696,0.484499,1.109573,0.4038348,-1.849387,0.08521017,0.1446396,0.4090149,0.6928957,-1.064534,-2.755518,-0.8271557,0.4873031,1.321088,0.3048902,-0.4615331,-0.1896163,-0.08305225,-0.4682966,1.347456,-0.7694312,0.6507336,1.469142,0.2484584,0.4408045,1.008503,0.1346857,294.733,213.3035,341.0539,True
3,0.3444445,0.03024927,0.0657527,-0.6380458,-1.488641,-3.652739,2.869947,0.4832976,1.11239,0.4045396,-1.848354,0.09346943,0.1964324,0.3819728,0.7765175,-1.05945,-2.743452,-0.8369511,0.4875736,1.322878,0.3033929,-0.4330184,-0.262104,-0.1161751,-0.4663046,1.33551,-0.7548818,0.651692,1.469964,0.2474399,0.4392609,1.009072,0.1353898,295.0405,212.2033,342.1893,True
3,0.3555556,-0.001981109,0.1336273,-0.6598181,-1.480144,-3.653888,2.871001,0.4823119,1.115231,0.4050107,-1.847708,0.05828335,0.284667,0.3206217,0.8948578,-1.05142,-2.730391,-0.8494781,0.4878648,1.324993,0.3028789,-0.4247891,-0.2866688,-0.1524224,-0.4657166,1.32453,-0.7405021,0.6526841,1.470848,0.2464588,0.4375427,1.010022,0.1363944,295.3562,211.2245,343.1862,True
3,0.3666667,-0.02663565,0.1674896,-0.6781459,-1.471504,-3.654655,2.872188,0.4811393,1.118183,0.405715,-1.846931,0.07040229,0.3563266,0.3022104,0.9325237,-1.046143,-2.718497,-0.8615878,0.4881817,1.327006,0.3023543,-0.4069478,-0.2707532,-0.1856144,-0.4664686,1.315748,-0.7287602,0.6538454,1.471673,0.2453387,0.4356009,1.01141,0.1374851,295.5719,210.3267,344.2143,True
3,0.3777778,-0.08010745,0.2096969,-0.7039445,-1.462221,-3.655757,2.875197,0.4801268,1.121505,0.4066136,-1.846055,0.07935236,0.510468,0.3254474,0.8876035,-1.044026,-2.707572,-0.8778522,0.4887874,1.329479,0.3025057,-0.388012,-0.2963678,-0.2155613,-0.4663802,1.303864,-0.7143397,0.6552109,1.472801,0.244349,0.4334654,1.013299,0.1386849,295.6756,209.415,345.3345,True
3,0.3888889,-0.1474866,0.2731636,-0.7288236,-1.452375,-3.658161,2.879273,0.4793093,1.124817,0.4073632,-1.845634,0.03773747,0.5703193,0.3107488,0.7922285,-1.042893,-2.700194,-0.8893049,0.4893483,1.331661,0.3020434,-0.3584206,-0.3635308,-0.2476435,-0.465063,1.287265,-0.6965601,0.6565638,1.473851,0.2434077,0.4311175,1.015664,0.139843,295.6415,208.4866,346.5476,True
3,0.4,-0.2224075,0.3633094,-0.7474985,-1.441926,-3.662727,2.884804,0.4785324,1.12841,0.4084771,-1.843557,0.1892584,0.580261,0.1611108,0.6254147,-1.039723,-2.701153,-0.8956954,0.4899877,1.334326,0.3024063,-0.2984034,-0.4989853,-0.3416442,-0.4637336,1.259421,-0.6704295,0.6582917,1.475092,0.2427452,0.4286687,1.018468,0.141054,295.5046,207.5188,347.7857,True
3,0.4111111,-0.2695683,0.4408057,-0.7586703,-1.431639,-3.66749,2.889763,0.4778466,1.131696,0.4092329,-1.842039,0.1367315,0.5590096,0.002720043,0.5493928,-1.033245,-2.701629,-0.9007953,0.4906904,1.336835,0.3018918,-0.2742721,-0.5139748,-0.3886883,-0.4646161,1.240495,-0.6512401,0.6598882,1.476349,0.2420294,0.4261715,1.021691,0.142314,295.3427,206.4798,349.1005,True
3,0.4222222,-0.3512398,0.6299558,-0.78343,-1.41911,-3.678389,2.897938,0.4772424,1.135901,0.4104791,-1.840196,0.1668323,0.5292131,-0.2505674,0.4965469,-1.021794,-2.706948,-0.9029788,0.4915527,1.339935,0.3025689,-0.2480776,-0.5076815,-0.4432313,-0.4666348,1.22209,-0.6328731,0.6616939,1.477593,0.2414815,0.4235649,1.025288,0.1435308,295.1348,205.3342,350.5104,True
3,0.4333333,-0.3813778,0.7085211,-0.8052796,-1.407451,-3.686014,2.903997,0.4764627,1.139627,0.4113667,-1.839797,0.03418278,0.5147108,-0.3814034,0.4546749,-1.012672,-2.70936,-0.9069645,0.4925927,1.342747,0.3023834,-0.2355889,-0.4938877,-0.4795746,-0.4691137,1.204647,-0.6151447,0.6634073,1.47894,0.2409618,0.4207494,1.029244,0.144748,294.8688,204.1393,351.9742,True
3,0.4444444,-0.4446239,0.8017706,-0.8410444,-1.394311,-3.695572,2.912701,0.4755718,1.143903,0.4124801,-1.836318,0.3165974,0.512033,-0.4931238,0.4202211,-1.003507,-2.712586,-0.9108986,0.4937755,1.346404,0.3033152,-0.2086939,-0.5132424,-0.5809587,-0.4735601,1.180486,-0.5921701,0.6657778,1.480354,0.2406468,0.4176161,1.033441,0.1459291,294.5442,202.8999,353.495,True
3,0.4555556,-0.5226538,0.8695322,-0.8595301,-1.381941,-3.704726,2.922481,0.4746188,1.148215,0.4134982,-1.836097,0.01632878,0.5684152,-0.5305405,0.4206707,-0.9949628,-2.713328,-0.918716,0.4948153,1.350038,0.304143,-0.1805347,-0.5772901,-0.6588529,-0.4771287,1.152668,-0.5662325,0.6683097,1.481865,0.2404153,0.4138973,1.037927,0.1472231,294.3172,201.5313,355.1811,True
3,0.4666667,-0.5814555,0.9203269,-0.8768623,-1.369222,-3.714517,2.932889,0.4736579,1.152538,0.4145761,-1.831844,0.3866828,0.6078973,-0.560491,0.4351601,-0.98602,-2.713187,-0.9269004,0.4960207,1.353437,0.3041992,-0.163955,-0.6221402,-0.7185614,-0.4810074,1.125659,-0.5409383,0.6706462,1.483244,0.2400219,0.4096368,1.042594,0.1487038,293.9893,200.1834,357.0627,True
3,0.4777778,-0.6968138,0.9997203,-0.8889965,-1.35646,-3.725925,2.946602,0.4729273,1.1569,0.4152501,-1.827889,0.3559344,0.6315891,-0.6086304,0.4774023,-0.9752368,-2.712729,-0.935018,0.4973491,1.357401,0.3051741,-0.1464093,-0.664879,-0.792139,-0.4862905,1.096882,-0.5145177,0.6732821,1.484835,0.2399254,0.4048691,1.047406,0.1504164,293.7475,198.8472,359.0633,True
3,0.4888889,-0.7470927,1.058138,-0.8883005,-1.344289,-3.737576,2.958754,0.4722523,1.161202,0.4161403,-1.824182,0.3333755,0.6138269,-0.7068137,0.5422138,-0.9614373,-2.712817,-0.9410421,0.4989707,1.361275,0.3056505,-0.127757,-0.6863014,-0.8582979,-0.4923737,1.069713,-0.489669,0.6760585,1.486435,0.2398958,0.3996904,1.052374,0.152293,293.5483,197.6355,1.105571,True
3,0.5,-0.8145613,1.160191,-0.8857749,-1.331769,-3.752457,2.973486,0.4714409,1.165815,0.4172313,-1.817567,0.5990284,0.5778865,-0.8262665,0.6060286,-0.9455287,-2.713616,-0.9458573,0.5005175,1.365492,0.3067799,-0.1080409,-0.6959939,-0.9244912,-0.4996378,1.042837,-0.4654553,0.6788366,1.488038,0.2400734,0.3942241,1.057478,0.1542499,293.3413,196.4702,3.240411,True
3,0.5111111,-0.8521019,1.229271,-0.8873465,-1.319233,-3.766937,2.98749,0.4709576,1.170023,0.4176667,-1.814704,0.2532842,0.556761,-0.8956562,0.6463929,-0.9308142,-2.714067,-0.9511632,0.5022048,1.369364,0.3073521,-0.0988698,-0.7035552,-0.967123,-0.50657,1.016679,-0.4412586,0.6819832,1.489321,0.2400584,0.3885369,1.062759,0.1560601,293.1773,195.3945,5.398645,True
3,0.5222223,-0.9142992,1.344073,-0.8913321,-1.306584,-3.784767,3.004289,0.4701973,1.174677,0.4187305,-1.808266,0.5828156,0.5484021,-0.9830577,0.6856578,-0.9140555,-2.715064,-0.9563038,0.503908,1.373553,0.3086612,-0.08134115,-0.717536,-1.040746,-0.515736,0.9887912,-0.4166324,0.6849636,1.490819,0.2403467,0.3828898,1.068239,0.1579203,292.9718,194.2184,7.571546,True
3,0.5333334,-0.960296,1.39181,-0.892722,-1.294362,-3.800466,3.020365,0.4697557,1.178856,0.419168,-1.803257,0.4486465,0.5697328,-1.049204,0.7033885,-0.8980861,-2.716348,-0.9627807,0.5060021,1.37745,0.3094361,-0.06392682,-0.7091781,-1.127187,-0.5267839,0.9622442,-0.393502,0.6877708,1.492492,0.2406614,0.377171,1.073916,0.1597754,292.7677,192.9829,9.739285,True
3,0.5444446,-0.9986993,1.409837,-0.8842833,-1.283106,-3.815876,3.03675,0.4692321,1.183132,0.4199457,-1.795311,0.7177758,0.5837135,-1.064948,0.7024002,-0.8837354,-2.71692,-0.9690753,0.5076218,1.381418,0.3106704,-0.06098962,-0.6943357,-1.161325,-0.5368448,0.9388881,-0.3729986,0.6908026,1.494058,0.2407837,0.3713752,1.079697,0.1615669,292.5103,191.588,12.07468,True
3,0.5555557,-1.054181,1.434149,-0.8833072,-1.271762,-3.832445,3.055139,0.468536,1.187556,0.4210618,-1.788624,0.6002838,0.6035703,-1.097149,0.6848373,-0.8688062,-2.719137,-0.9754022,0.5096734,1.38517,0.3116524,-0.04854834,-0.6699032,-1.203016,-0.5482495,0.9166912,-0.3538883,0.6937262,1.495405,0.2412391,0.365431,1.085595,0.1634492,292.2982,190.1864,14.38949,True
3,0.5666668,-1.096819,1.447937,-0.8705699,-1.261253,-3.84889,3.073436,0.4680565,1.191733,0.421864,-1.780969,0.6892446,0.61391,-1.131143,0.6548461,-0.8538414,-2.722069,-0.9807953,0.5117142,1.388971,0.3125932,-0.0380677,-0.662485,-1.22656,-0.5592591,0.8944714,-0.3349625,0.6968409,1.496731,0.2417772,0.3594727,1.091508,0.1653966,292.0271,188.845,16.82363,True
3,0.577778,-1.117073,1.465117,-0.8440344,-1.251869,-3.865861,3.091578,0.4675283,1.195936,0.4229672,-1.771374,0.8653735,0.6146652,-1.187533,0.6333426,-0.8380765,-2.726065,-0.9849589,0.5135645,1.392776,0.3141689,-0.02448618,-0.6582772,-1.259702,-0.571198,0.8729559,-0.3170118,0.6997129,1.497921,0.2422976,0.3537163,1.097352,0.1675549,291.8022,187.5378,19.15845,True
3,0.5888891,-1.125619,1.477995,-0.8228881,-1.242599,-3.882831,3.109507,0.4673089,1.199877,0.4234531,-1.762852,0.7655587,0.6081934,-1.226911,0.6322426,-0.8219485,-2.728991,-0.9894943,0.5156148,1.396464,0.3151484,-0.01819229,-0.6615031,-1.268252,-0.5821627,0.8521962,-0.2995047,0.7028008,1.499142,0.2428398,0.3480858,1.103126,0.1698827,291.6834,186.2818,21.34312,True
3,0.6000003,-1.136252,1.491031,-0.7856849,-1.234831,-3.900486,3.128056,0.4670392,1.203852,0.424592,-1.754259,0.7725713,0.5984174,-1.27053,0.621528,-0.8055242,-2.7332,-0.9928595,0.5175596,1.400088,0.316777,-0.003440142,-0.6509008,-1.286506,-0.5943616,0.8324627,-0.2834874,0.7057508,1.500205,0.2433264,0.3425359,1.108833,0.17229,291.5875,185.1546,23.41882,True
3,0.6111114,-1.136234,1.503994,-0.7623981,-1.226878,-3.918437,-3.136901,0.4670159,1.207626,0.4250844,-1.745053,0.8284252,0.5854971,-1.280026,0.6077975,-0.7901929,-2.736584,-0.9964984,0.5195951,1.403917,0.3183873,0.00824964,-0.6445109,-1.289808,-0.6062356,0.8138645,-0.2686224,0.708533,1.501252,0.2438402,0.3370678,1.114454,0.174779,291.4694,184.1889,25.3876,True
3,0.6222225,-1.131901,1.504327,-0.7219259,-1.220506,-3.936445,-3.118333,0.4669633,1.211384,0.4262466,-1.734738,0.928717,0.5683885,-1.288493,0.6025896,-0.7742917,-2.740112,-0.9997512,0.5215932,1.407431,0.3200788,0.02208197,-0.6402428,-1.292059,-0.618426,0.7955834,-0.2543692,0.711298,1.502224,0.2445376,0.3316997,1.119911,0.1772514,291.349,183.2705,27.36446,True
3,0.6333337,-1.111451,1.482523,-0.661098,-1.21538,-3.953641,-3.100819,0.4673457,1.214632,0.426867,-1.724796,0.8937621,0.5512848,-1.290557,0.5963516,-0.7587527,-2.74339,-1.003011,0.5237637,1.410928,0.3220623,0.04872811,-0.6274419,-1.283768,-0.6303654,0.7787409,-0.241998,0.7141765,1.502885,0.2452104,0.3265057,1.125192,0.1798294,291.252,182.5149,29.12667,True
3,0.6444448,-1.096384,1.461519,-0.6311373,-1.209998,-3.970414,-3.083487,0.4674824,1.218405,0.4282782,-1.713894,0.9816002,0.5490919,-1.297991,0.5910192,-0.7431594,-2.747006,-1.006321,0.5257707,1.414153,0.3237317,0.06477678,-0.6061295,-1.278624,-0.6425931,0.7631171,-0.2307088,0.7170262,1.503786,0.245697,0.3214428,1.130266,0.1824288,291.1922,181.8268,30.81529,True
3,0.655556,-1.063133,1.422607,-0.5818847,-1.206195,-3.986136,-3.067337,0.4677845,1.221517,0.4293897,-1.703742,0.9122714,0.5873609,-1.303346,0.5789728,-0.7277503,-2.750911,-1.011331,0.5280145,1.416798,0.3246446,0.07430589,-0.5635237,-1.284103,-0.6554412,0.7500215,-0.2214594,0.7194921,1.504412,0.2462265,0.316628,1.135145,0.1852199,291.114,181.3647,32.26214,True
3,0.6666671,-1.04059,1.38773,-0.5519013,-1.20195,-4.001486,-3.051102,0.4682495,1.224341,0.4298141,-1.692774,0.987457,0.6160184,-1.285253,0.5628188,-0.7131956,-2.754338,-1.016409,0.5301775,1.41983,0.3264854,0.07964313,-0.5422121,-1.283131,-0.6681424,0.7365079,-0.2118228,0.7221649,1.505149,0.2468524,0.3121431,1.139773,0.1881414,291.0142,181.0884,33.5612,True
3,0.6777782,-0.9901007,1.303209,-0.4852713,-1.19986,-4.014359,-3.037132,0.4688656,1.22668,0.4308927,-1.682348,0.9370972,0.6440196,-1.227449,0.4594311,-0.7022074,-2.761308,-1.019282,0.5321859,1.422125,0.3283031,0.09059334,-0.5325545,-1.24595,-0.6793063,0.7236357,-0.2031305,0.7244102,1.505769,0.2472935,0.3080342,1.144174,0.1912824,291.0027,180.8474,34.68076,True
3,0.6888894,-0.9579167,1.263144,-0.4466984,-1.197387,-4.028443,-3.022429,0.4694003,1.229395,0.4316885,-1.670938,1.027664,0.6371813,-1.187806,0.3957203,-0.6905848,-2.767646,-1.021255,0.534385,1.424631,0.329694,0.1037706,-0.5420539,-1.202378,-0.689739,0.7097701,-0.1940808,0.7269363,1.506459,0.2478282,0.3041429,1.148279,0.1943993,290.8931,180.6601,35.83384,True
3,0.7000005,-0.909624,1.208529,-0.3739477,-1.196736,-4.041662,-3.008975,0.4702474,1.230727,0.4307582,-1.660994,0.8926821,0.6088535,-1.133129,0.3087859,-0.6809762,-2.775747,-1.020911,0.5362756,1.426813,0.3314848,0.1352811,-0.5642805,-1.126954,-0.6980992,0.69578,-0.1859398,0.7289301,1.506976,0.2482023,0.3004579,1.151989,0.1972797,290.7513,180.4955,37.04265,True
3,0.7111117,-0.8709855,1.15687,-0.3203918,-1.196309,-4.053784,-2.996129,0.4710876,1.23294,0.4316936,-1.649631,1.024065,0.5967968,-1.112706,0.2631573,-0.669834,-2.7834,-1.021323,0.5383006,1.429072,0.3329961,0.1676815,-0.5546023,-1.073962,-0.7072184,0.6836469,-0.1797011,0.7309651,1.50736,0.2486424,0.2972975,1.155189,0.2000777,290.6002,180.5096,37.92637,True
3,0.7222228,-0.8045628,1.086301,-0.2485601,-1.197398,-4.064247,-2.985596,0.4721937,1.234554,0.4327915,-1.639424,0.9169483,0.5942625,-1.106124,0.2099614,-0.6589459,-2.792749,-1.020701,0.5402356,1.430127,0.3321023,0.1806217,-0.5290153,-1.054932,-0.7174934,0.6728405,-0.1739422,0.7327762,1.507617,0.2491868,0.2943131,1.15791,0.2024268,290.5115,180.8183,38.51603,True
3,0.7333339,-0.7177614,0.9946789,-0.1553048,-1.199928,-4.072776,-2.977423,0.4736453,1.235788,0.4336338,-1.628845,0.9524451,0.5972091,-1.106033,0.1801353,-0.6475806,-2.801718,-1.020373,0.5419383,1.432004,0.3334789,0.174605,-0.4799268,-1.005966,-0.7264986,0.6645608,-0.1695683,0.7341746,1.507857,0.2495735,0.2915237,1.160081,0.2041199,290.3971,181.2841,38.9581,True
3,0.7444451,-0.6781538,0.9664298,-0.1092953,-1.201824,-4.083617,-2.967056,0.4748597,1.237379,0.4347873,-1.619952,0.7980579,0.5998223,-1.100522,0.1140881,-0.637329,-2.813688,-1.017522,0.5436935,1.433228,0.3352253,0.1643096,-0.4511383,-0.9643781,-0.7352897,0.655358,-0.1642864,0.7359877,1.508085,0.2500098,0.2895675,1.161804,0.2058775,290.4466,181.9082,38.79064,True
3,0.7555562,-0.6054501,0.9213521,-0.04940352,-1.2048,-4.092653,-2.95949,0.4763756,1.238168,0.4356682,-1.611407,0.767884,0.5972309,-1.060892,0.05031943,-0.6292586,-2.825325,-1.014784,0.5452637,1.434608,0.3367372,0.1511157,-0.4200996,-0.8812323,-0.7417841,0.6482815,-0.1603007,0.7373587,1.508409,0.250324,0.2885059,1.163122,0.2078949,290.4172,182.6036,38.40901,True
3,0.7666674,-0.5273523,0.8581924,0.01064131,-1.208067,-4.100491,-2.953197,0.4777942,1.239106,0.4366479,-1.600191,1.012571,0.5594125,-0.9209124,-0.05008551,-0.6268799,-2.835654,-1.011498,0.5467203,1.4354,0.3379092,0.1486868,-0.4114442,-0.7885356,-0.747023,0.6399949,-0.1558676,0.7388601,1.508735,0.2506132,0.2881031,1.164014,0.2100371,290.3418,183.4147,37.88111,True
3,0.7777785,-0.4696011,0.8128837,0.04818749,-1.211266,-4.108081,-2.947238,0.4792479,1.239811,0.4374688,-1.592631,0.6763914,0.5046328,-0.7745628,-0.1396761,-0.6260878,-2.845325,-1.007534,0.5481263,1.43638,0.339129,0.1640821,-0.4187857,-0.7289869,-0.7523862,0.6314275,-0.1519099,0.7403293,1.508996,0.2509084,0.2878026,1.164645,0.212135,290.3829,184.3246,37.17661,True
3,0.7888896,-0.3947573,0.7517849,0.1050734,-1.215955,-4.114244,-2.942867,0.4808346,1.240429,0.438812,-1.584644,0.7190986,0.4415704,-0.7050773,-0.1772505,-0.622548,-2.854953,-1.002471,0.5495355,1.437456,0.3408453,0.1890516,-0.4346544,-0.6737614,-0.7574456,0.6221718,-0.148211,0.7418417,1.509186,0.2511449,0.2875099,1.165048,0.214205,290.3413,185.2433,36.56674,True
3,0.8000008,-0.320932,0.683132,0.1470314,-1.219907,-4.119338,-2.93986,0.482503,1.240532,0.4395301,-1.576404,0.7418925,0.3818811,-0.6750826,-0.1883618,-0.6183833,-2.864721,-0.9968532,0.5509211,1.438163,0.3420005,0.1936025,-0.4345863,-0.6375766,-0.7625525,0.6138739,-0.1445266,0.7433146,1.50938,0.251581,0.2871948,1.165233,0.2162415,290.2853,186.315,35.86456,True
3,0.8111119,-0.2727647,0.6345204,0.172887,-1.223608,-4.124554,-2.936721,0.4842124,1.240956,0.4401093,-1.569512,0.6188357,0.3500166,-0.6366674,-0.1879625,-0.6142741,-2.873349,-0.9928318,0.5525512,1.439009,0.3429418,0.1861069,-0.3866698,-0.6408054,-0.7696296,0.6084245,-0.1423707,0.7449363,1.509549,0.2520549,0.2869256,1.165218,0.2182852,290.252,187.5006,35.05734,True
3,0.8222231,-0.2011116,0.5797198,0.2157941,-1.22805,-4.128427,-2.935718,0.4859279,1.24084,0.4405637,-1.563196,0.5679199,0.3214736,-0.5481972,-0.1842356,-0.6129457,-2.878742,-0.9909087,0.55406,1.439647,0.3439369,0.1763046,-0.2844447,-0.6622217,-0.7775962,0.6075736,-0.1434059,0.7465261,1.509595,0.2525609,0.2869242,1.165012,0.2204556,290.1578,188.8043,34.17149,True
3,0.8333342,-0.1219916,0.518493,0.2502278,-1.232583,-4.131487,-2.936162,0.4877697,1.240974,0.4410038,-1.556388,0.6134664,0.3067763,-0.5024034,-0.17116,-0.6101835,-2.884507,-0.9892328,0.5556449,1.440157,0.3448102,0.1752058,-0.2439786,-0.6665394,-0.7848266,0.6041068,-0.1429572,0.7481867,1.509719,0.25301,0.2871186,1.164541,0.2225071,290.0564,190.0943,33.40396,True
3,0.8444453,-0.05235732,0.4220171,0.2785675,-1.236717,-4.13221,-2.937594,0.4896403,1.241105,0.4414892,-1.551881,0.4032046,0.2730742,-0.4289118,-0.1440012,-0.6088284,-2.887262,-0.9887364,0.5573681,1.440881,0.3457923,0.1696939,-0.2280427,-0.6888968,-0.7929195,0.5998076,-0.1416328,0.7498937,1.509807,0.253561,0.2874801,1.16385,0.2242834,290.0561,191.4749,32.51457,True
3,0.8555565,0.01085654,0.3296984,0.2962325,-1.240581,-4.132152,-2.939834,0.4914509,1.241145,0.441828,-1.547697,0.376072,0.2413116,-0.3980049,-0.1287246,-0.6063858,-2.892161,-0.9863507,0.5591239,1.441482,0.3468733,0.1643886,-0.2291001,-0.6888481,-0.7999949,0.5944024,-0.1395781,0.7515492,1.509804,0.2541842,0.2881394,1.16292,0.2257538,290.0376,192.8719,31.528,True
3,0.8666676,0.06654717,0.2467872,0.2935925,-1.243621,-4.132108,-2.942279,0.4934223,1.241157,0.4421613,-1.543122,0.4122663,0.226475,-0.4321188,-0.1116638,-0.6015666,-2.899302,-0.9826233,0.5610247,1.442056,0.3479414,0.1561709,-0.2365088,-0.6514738,-0.8053836,0.5891347,-0.1373927,0.7533718,1.509959,0.2545893,0.2892684,1.161757,0.2269529,290.0739,194.3336,30.357,True
3,0.8777788,0.09653409,0.1989129,0.2885913,-1.246715,-4.132111,-2.944367,0.4953649,1.241284,0.4424343,-1.539468,0.3282517,0.2178274,-0.4523098,-0.121244,-0.5977039,-2.907346,-0.9781013,0.5630617,1.442732,0.3490508,0.1255195,-0.2066346,-0.6193251,-0.8109885,0.5861714,-0.1357842,0.7553488,1.510104,0.2550159,0.2909288,1.160372,0.2278335,290.19,195.6857,29.15892,True
3,0.8888899,0.1340249,0.1415375,0.2900469,-1.24995,-4.131485,-2.947234,0.4975601,1.241233,0.4427421,-1.536188,0.2953077,0.219737,-0.4607601,-0.1457995,-0.5946999,-2.916427,-0.9732363,0.5650672,1.443278,0.3502264,0.1117931,-0.184232,-0.605407,-0.8171452,0.5832585,-0.1347525,0.7572113,1.510238,0.2554121,0.2930172,1.158803,0.2283241,290.3646,196.8224,28.01154,True
3,0.900001,0.146983,0.09367886,0.2946623,-1.253178,-4.130208,-2.949747,0.4997243,1.241219,0.4430215,-1.53299,0.2884016,0.2218471,-0.461823,-0.1479518,-0.5914193,-2.924188,-0.9693384,0.5672248,1.443848,0.351316,0.1151136,-0.198052,-0.5904932,-0.8227591,0.5786194,-0.1329447,0.7592276,1.510229,0.2558036,0.2954317,1.15713,0.2284889,290.6107,197.7747,26.87479,True
3,0.9111122,0.1470888,0.06494203,0.2980839,-1.256507,-4.129225,-2.951705,0.5018752,1.241202,0.4433703,-1.531277,0.1531475,0.2070192,-0.4415681,-0.1435025,-0.5886657,-2.930609,-0.9658872,0.5692418,1.444328,0.3524866,0.1269447,-0.2321362,-0.5777489,-0.8284013,0.5720173,-0.1302738,0.7613454,1.510324,0.256341,0.2980245,1.155501,0.2284168,290.8936,198.7067,25.66412,True
3,0.9222233,0.1312623,0.02444537,0.3026941,-1.259826,-4.12758,-2.953124,0.50405,1.241047,0.443913,-1.529075,0.1992846,0.1921924,-0.4095847,-0.1411407,-0.5866709,-2.936372,-0.9627178,0.5715393,1.444839,0.3536131,0.1375739,-0.2555759,-0.5820509,-0.8345404,0.5658457,-0.1280136,0.7634416,1.510297,0.2567823,0.3008288,1.154003,0.2282718,291.116,199.5538,24.5466,True
3,0.9333345,0.110077,-0.006447127,0.3125601,-1.2634,-4.125761,-2.954101,0.5062827,1.240928,0.4442976,-1.527322,0.1581459,0.1954185,-0.4096028,-0.1379693,-0.5836882,-2.943256,-0.9593356,0.5738037,1.4452,0.3548024,0.1364439,-0.2396169,-0.5905957,-0.8411951,0.5618823,-0.1268868,0.7656632,1.510253,0.2573714,0.3037366,1.152709,0.2280768,291.3011,200.3219,23.51795,True
3,0.9444456,0.08461022,-0.03527763,0.3149555,-1.266606,-4.12383,-2.954797,0.5086571,1.240877,0.4449301,-1.525723,0.144575,0.2124294,-0.3947,-0.146587,-0.581448,-2.950288,-0.9564924,0.5760966,1.445602,0.3559411,0.1236598,-0.219402,-0.5926632,-0.8476565,0.5581473,-0.1254911,0.7679114,1.510226,0.2579639,0.3066575,1.15169,0.2278915,291.4303,200.9388,22.62949,True
3,0.9555568,0.05918609,-0.07583781,0.3163822,-1.26974,-4.120868,-2.955497,0.5109419,1.240911,0.4453363,-1.524691,0.09307764,0.2420683,-0.38936,-0.1702596,-0.5795896,-2.958568,-0.9531768,0.5784338,1.446117,0.3571599,0.118541,-0.2118976,-0.5660034,-0.8528166,0.5544991,-0.1242058,0.7701164,1.510113,0.2583642,0.3095677,1.150984,0.2277731,291.4767,201.4622,21.87385,True
3,0.9666679,0.04014029,-0.1121217,0.3166828,-1.272512,-4.117791,-2.956408,0.5132102,1.241136,0.4456539,-1.524115,0.05192543,0.2716425,-0.4010659,-0.1971828,-0.5772498,-2.968512,-0.9488241,0.5808968,1.446555,0.3582149,0.1293235,-0.2321081,-0.5522104,-0.8581573,0.5490947,-0.1226034,0.7724359,1.510014,0.2587507,0.3124604,1.150617,0.2277075,291.4612,201.9549,21.2261,True
3,0.977779,0.02425633,-0.146374,0.3031293,-1.27487,-4.114419,-2.957175,0.515468,1.241506,0.4458556,-1.523731,0.0347821,0.2957776,-0.4276316,-0.2336968,-0.5749397,-2.98026,-0.9431121,0.5834883,1.447194,0.3594127,0.1216113,-0.2992928,-0.5882451,-0.8650981,0.5405988,-0.1182143,0.7748723,1.509856,0.2590122,0.3154098,1.150586,0.2277257,291.399,202.3379,20.73783,True
3,0.9888902,0.01148922,-0.1517879,0.2978659,-1.277606,-4.112031,-2.957766,0.5174589,1.242096,0.4461474,-1.523915,-0.01703845,0.2923007,-0.4808279,-0.2540694,-0.5711809,-2.992903,-0.9354875,0.586183,1.447941,0.3604174,0.1172348,-0.3163538,-0.6062954,-0.8719535,0.5345088,-0.1155348,0.7771944,1.509595,0.259196,0.318357,1.150859,0.2276721,291.3025,202.6659,20.3621,True
3,1.000001,-0.01843264,-0.1295958,0.2881539,-1.280277,-4.110747,-2.956913,0.5197705,1.242699,0.446234,-1.523775,0.01307938,0.2688221,-0.522343,-0.248676,-0.5669998,-3.00449,-0.9278964,0.5890449,1.448508,0.3613837,0.1171309,-0.3280978,-0.6201222,-0.8787867,0.5282215,-0.1127814,0.7796885,1.509378,0.2594187,0.3213122,1.151385,0.2274582,291.1891,202.876,20.10022,True
3,1.011112,-0.04518375,-0.1031502,0.2773195,-1.282612,-4.109908,-2.955667,0.5221289,1.243147,0.4465768,-1.523905,-0.01206764,0.2561672,-0.5191741,-0.2336514,-0.5638008,-3.013915,-0.9222825,0.5917456,1.449113,0.3625181,0.1213814,-0.3377105,-0.6233271,-0.8850824,0.5220105,-0.1103758,0.7822506,1.509282,0.2597752,0.3242537,1.152111,0.2270305,291.0859,202.9612,19.86875,True
3,1.022224,-0.09318948,-0.08956017,0.2655738,-1.284953,-4.108926,-2.953227,0.5242024,1.243991,0.446631,-1.5228,0.1011193,0.2653435,-0.4821332,-0.1654296,-0.5603749,-3.017759,-0.9221882,0.5947282,1.450008,0.3636141,0.1329832,-0.3590408,-0.6393588,-0.8920311,0.5149767,-0.1077877,0.7849332,1.509069,0.259938,0.3270949,1.153018,0.2264406,290.9699,203.0301,19.54871,True
3,1.033335,-0.1666694,-0.1037618,0.2530446,-1.287299,-4.106784,-2.949561,0.5259976,1.245121,0.4469688,-1.522355,0.03963477,0.2969729,-0.4782126,-0.08045876,-0.5552174,-3.020543,-0.9241456,0.5978945,1.450994,0.3647552,0.1390964,-0.3889167,-0.6787781,-0.9002358,0.5072654,-0.1048495,0.7878108,1.50867,0.2599435,0.3298726,1.154094,0.2258205,290.8204,203.0611,19.28396,True
3,1.044446,-0.25924,-0.1533574,0.2184318,-1.2879,-4.103161,-2.944653,0.5276917,1.246222,0.4467604,-1.520909,0.1316986,0.3163637,-0.5167287,-0.04453081,-0.5492013,-3.0279,-0.9219147,0.6011371,1.451889,0.3658576,0.1559678,-0.4347741,-0.7054574,-0.908164,0.4981833,-0.1015264,0.7906936,1.508469,0.2601275,0.332581,1.155303,0.2252862,290.6449,203.0075,19.11468,True
3,1.055557,-0.369908,-0.2202889,0.1541564,-1.28662,-4.098606,-2.938378,0.5291898,1.247523,0.4464731,-1.518829,0.1885092,0.3257169,-0.6211451,-0.04600859,-0.541149,-3.04116,-0.9144709,0.6046634,1.452863,0.3671625,0.1717995,-0.4774182,-0.7268092,-0.9162153,0.4886161,-0.09807277,0.7936008,1.508198,0.2601695,0.3350362,1.156691,0.2247388,290.5486,203.0989,18.82773,True
3,1.066668,-0.4945584,-0.2468217,0.08313634,-1.283896,-4.095583,-2.930462,0.5307906,1.24843,0.4453461,-1.516325,0.2266012,0.3093047,-0.7585089,-0.06017748,-0.5318178,-3.059182,-0.9016108,0.608227,1.453844,0.3683498,0.2034994,-0.5424715,-0.7631491,-0.9248977,0.4772018,-0.09438216,0.7967134,1.507911,0.2601643,0.3372352,1.158335,0.2241238,290.49,203.1999,18.6056,True
3,1.077779,-0.582034,-0.2325445,0.04055497,-1.282483,-4.093632,-2.921707,0.5323098,1.249682,0.4449015,-1.513428,0.2619505,0.2920357,-0.8873937,-0.05406214,-0.5210943,-3.077464,-0.8884356,0.611787,1.454899,0.3695683,0.2170908,-0.5659654,-0.7973027,-0.9341623,0.4672129,-0.09127984,0.7998089,1.507561,0.2601171,0.339191,1.160256,0.22322,290.4208,202.9484,18.85621,True
3,1.08889,-0.7036796,-0.1970506,-2.045929E-05,-1.281047,-4.093142,-2.910178,0.5337842,1.251166,0.444766,-1.510445,0.2689784,0.2877537,-0.9364163,-0.0456688,-0.5121546,-3.09278,-0.8782687,0.6152689,1.455997,0.3710725,0.2277545,-0.5457207,-0.7942291,-0.9422802,0.4597698,-0.08964439,0.8030818,1.507191,0.2601411,0.3409641,1.162455,0.2218749,290.3075,202.174,19.6437,True
3,1.100002,-0.803005,-0.1368815,-0.02696401,-1.279929,-4.093858,-2.897637,0.5350646,1.252797,0.4442906,-1.507525,0.2628002,0.2955496,-0.9823956,0.004181117,-0.5016202,-3.106426,-0.8700023,0.6189957,1.457355,0.372349,0.2341672,-0.5371896,-0.7910998,-0.9505546,0.4516985,-0.08779643,0.806361,1.506755,0.2601449,0.3425877,1.164894,0.220039,290.1238,201.0274,20.69175,True
3,1.111113,-0.865994,-0.1041838,-0.04096717,-1.278982,-4.094055,-2.885717,0.5363711,1.254446,0.4438434,-1.502127,0.4887497,0.2862564,-0.9931454,0.04043841,-0.4919226,-3.119376,-0.8615853,0.6226192,1.458395,0.3734102,0.2286715,-0.5393007,-0.8155782,-0.9599189,0.4435805,-0.08566404,0.8096936,1.506001,0.259886,0.3443074,1.167614,0.2181255,289.92,199.8942,21.43006,True
3,1.122224,-0.9556463,-0.06627963,-0.06029892,-1.277968,-4.095046,-2.872013,0.5374793,1.256491,0.4437001,-1.497508,0.4150567,0.2420084,-0.9687156,0.09203935,-0.4826809,-3.12886,-0.8543926,0.6264057,1.459462,0.3742549,0.207985,-0.5330214,-0.8718898,-0.9710695,0.4354404,-0.08265679,0.8130618,1.505477,0.2598884,0.3459463,1.170708,0.2163199,289.7418,198.8653,21.9545,True
3,1.133335,-1.044139,-0.06370862,-0.09746644,-1.275495,-4.094662,-2.857709,0.5385577,1.258572,0.4431078,-1.493407,0.367824,0.220301,-0.9582555,0.165767,-0.4721721,-3.136715,-0.8492019,0.6302335,1.460641,0.3751359,0.1960437,-0.5160709,-0.9016517,-0.9817275,0.4279143,-0.08029058,0.8164113,1.505309,0.2599969,0.3472328,1.174258,0.2146386,289.5099,197.8327,22.62312,True
3,1.144446,-1.125064,-0.1081735,-0.1609086,-1.271139,-4.092958,-2.843149,0.5395249,1.261081,0.4429162,-1.486498,0.6243353,0.2185762,-0.9552094,0.2126657,-0.4617549,-3.145807,-0.8434939,0.634019,1.461832,0.3760285,0.1926667,-0.5043954,-0.9240187,-0.9923103,0.4207535,-0.07835899,0.8198232,1.504757,0.2599058,0.3482531,1.178192,0.2132375,289.167,196.6456,23.60147,True
3,1.155557,-1.200621,-0.1665428,-0.2349017,-1.265218,-4.090752,-2.827956,0.5402806,1.263642,0.442188,-1.479054,0.6703579,0.216943,-0.977789,0.2754651,-0.4495054,-3.154836,-0.8378379,0.6380323,1.46306,0.3768704,0.1914485,-0.5289649,-0.9452582,-1.002784,0.4115445,-0.07548171,0.8234432,1.504193,0.2596405,0.3489463,1.182436,0.2121245,288.7924,195.4101,24.77207,True
3,1.166668,-1.262385,-0.2077874,-0.3058491,-1.259034,-4.089129,-2.812747,0.5412209,1.266338,0.4415987,-1.471195,0.7075257,0.2067035,-1.042941,0.3242751,-0.4358306,-3.168694,-0.8282644,0.642217,1.464157,0.3778996,0.1881761,-0.5481564,-0.9547813,-1.013067,0.4027625,-0.07272907,0.8269758,1.503474,0.2595005,0.3493789,1.186867,0.2111686,288.4486,193.9268,26.36969,True
3,1.17778,-1.299713,-0.2157069,-0.3483394,-1.25323,-4.088301,-2.797508,0.5420728,1.268826,0.4409602,-1.462397,0.7924361,0.1728721,-1.108006,0.3701572,-0.4215305,-3.182382,-0.8166176,0.6460959,1.46527,0.3786237,0.1656085,-0.5556716,-0.980158,-1.024208,0.3942842,-0.06937561,0.8302491,1.50275,0.2592611,0.3497268,1.191363,0.2103078,288.2085,192.1133,28.33175,True
3,1.188891,-1.344605,-0.1938064,-0.3889233,-1.247646,-4.089099,-2.781042,0.5429648,1.271392,0.4404347,-1.453699,0.7820773,0.1465622,-1.135764,0.4011142,-0.4084421,-3.196135,-0.8055514,0.6498921,1.466219,0.3793654,0.1560495,-0.5396969,-0.9758478,-1.034359,0.3871577,-0.0671556,0.8335752,1.502152,0.2590675,0.3499551,1.195811,0.2092924,288.0565,190.1492,30.45187,True
3,1.200002,-1.384193,-0.1536132,-0.4083494,-1.242656,-4.090706,-2.763957,0.5437219,1.273964,0.439868,-1.444329,0.8430672,0.1014781,-1.117586,0.443641,-0.3955854,-3.207206,-0.7950468,0.6536288,1.467181,0.3799427,0.1541852,-0.502345,-0.9396817,-1.043264,0.3814114,-0.0658866,0.8367219,1.501395,0.2588503,0.3502396,1.200112,0.2081708,287.9453,188.1695,32.50229,True
3,1.211113,-1.405588,-0.1335022,-0.4169828,-1.238035,-4.091889,-2.747459,0.5446538,1.276512,0.4393761,-1.433241,0.9989914,0.1047012,-1.082659,0.4623251,-0.3838334,-3.215955,-0.7889929,0.6573336,1.468298,0.3805327,0.1542571,-0.4906255,-0.9311677,-1.052763,0.3747375,-0.06433319,0.8400774,1.500728,0.2585957,0.3505537,1.204148,0.2069633,287.8397,186.2427,34.38548,True
3,1.222224,-1.424872,-0.1091843,-0.4320562,-1.233,-4.093777,-2.730372,0.545386,1.27924,0.438746,-1.421724,1.03659,0.1146021,-1.019872,0.4763293,-0.3729235,-3.222436,-0.7850037,0.6610329,1.46916,0.3810277,0.1457953,-0.4938114,-0.923638,-1.06241,0.3675907,-0.06215791,0.8431997,1.499937,0.2583849,0.3507827,1.207897,0.2057382,287.8202,184.5781,35.91093,True
3,1.233335,-1.43982,-0.115894,-0.4660699,-1.226628,-4.095012,-2.713531,0.5460898,1.282043,0.4380608,-1.410431,1.015454,0.1104707,-0.9772571,0.4797161,-0.3623992,-3.230313,-0.7788798,0.6646456,1.470162,0.3813617,0.1319651,-0.4895545,-0.9182098,-1.072137,0.3607968,-0.05977039,0.8464147,1.499101,0.2582524,0.350828,1.211407,0.2045663,287.8749,183.2846,37.08107,True
3,1.244446,-1.452611,-0.1353795,-0.5042352,-1.219738,-4.096053,-2.696728,0.5468546,1.284909,0.4374328,-1.397823,1.135528,0.1129587,-0.9677824,0.5063493,-0.3501045,-3.23958,-0.7722038,0.6683143,1.470738,0.3817923,0.1213245,-0.479968,-0.9160137,-1.081903,0.3544765,-0.05775518,0.8494691,1.498273,0.258002,0.3507662,1.214709,0.2035478,287.9761,182.2765,38.05733,True
3,1.255558,-1.453638,-0.1611908,-0.5349262,-1.212394,-4.096746,-2.680387,0.5474685,1.287744,0.4366734,-1.384979,1.155651,0.1225868,-0.9539674,0.5095251,-0.3387935,-3.249319,-0.7646244,0.671986,1.47154,0.3822291,0.1255851,-0.4533447,-0.9171582,-1.091842,0.3491113,-0.05694131,0.8522973,1.497255,0.257673,0.350475,1.217869,0.2026042,288.1656,181.4105,38.96735,True
3,1.266669,-1.451494,-0.1762716,-0.5550524,-1.205353,-4.097619,-2.663986,0.5482775,1.290619,0.4359415,-1.371661,1.198694,0.1385622,-0.9380099,0.5019608,-0.3281153,-3.260722,-0.7561745,0.6756436,1.472203,0.3826733,0.1224207,-0.449077,-0.9128802,-1.101523,0.3430657,-0.05542997,0.8552812,1.496433,0.2574153,0.3500327,1.22093,0.2017545,288.4387,180.4962,39.98359,True
3,1.27778,-1.452554,-0.1849138,-0.5698978,-1.198136,-4.098804,-2.647126,0.5489483,1.293468,0.4351931,-1.358298,1.202081,0.1384542,-0.9571563,0.4933743,-0.3164709,-3.275806,-0.7434398,0.6792001,1.472882,0.3830955,0.1269776,-0.441547,-0.8735254,-1.109853,0.3371903,-0.05436417,0.8580269,1.495539,0.2570639,0.3495238,1.223922,0.201004,288.7412,179.5844,41.02846,True
3,1.288891,-1.450439,-0.1924813,-0.5879346,-1.191006,-4.100436,-2.630416,0.5497261,1.29607,0.4346085,-1.344268,1.262902,0.1243443,-1.017792,0.4698328,-0.304092,-3.29955,-0.7220972,0.6826445,1.473546,0.3834105,0.1345804,-0.4436695,-0.8543965,-1.118433,0.3308731,-0.05327867,0.8607627,1.49467,0.2568519,0.3489697,1.22685,0.2002895,289.0309,178.7113,42.06193,True
3,1.300002,-1.445179,-0.1808703,-0.6040139,-1.183852,-4.102786,-2.61361,0.550286,1.298892,0.4338422,-1.329557,1.324515,0.07528698,-1.047511,0.4648501,-0.2918729,-3.320822,-0.7011363,0.6858703,1.474099,0.3836246,0.1155888,-0.4244561,-0.8297815,-1.126669,0.3257642,-0.05169675,0.8631401,1.493903,0.2565312,0.348452,1.229716,0.1996021,289.3127,177.952,42.98854,True
3,1.311113,-1.438851,-0.1670235,-0.6073264,-1.177279,-4.105368,-2.596747,0.5510554,1.301755,0.4330745,-1.315237,1.288045,0.04883635,-1.034733,0.4789502,-0.2804415,-3.337664,-0.6848226,0.6891297,1.4748,0.3838217,0.1168053,-0.3903274,-0.809635,-1.13514,0.3216594,-0.05137877,0.8658038,1.493131,0.2562203,0.3479344,1.232532,0.1988928,289.6037,177.1463,43.92178,True
3,1.322224,-1.416565,-0.1456654,-0.6085924,-1.170787,-4.108348,-2.58016,0.5517393,1.304825,0.4321408,-1.300643,1.313384,0.05337715,-0.9591621,0.4962121,-0.2704978,-3.346256,-0.6772211,0.6921346,1.47536,0.3839273,0.1299145,-0.3550833,-0.7661268,-1.142152,0.3181722,-0.05183071,0.8681518,1.492377,0.2558911,0.3474134,1.235286,0.1982016,289.8929,176.285,44.85711,True
3,1.333336,-1.414451,-0.139242,-0.6054499,-1.164508,-4.111017,-2.563504,0.5523309,1.307748,0.4312897,-1.285735,1.341791,0.0932554,-0.8645251,0.5270937,-0.2610718,-3.347708,-0.6785614,0.6951464,1.475934,0.3839338,0.1353955,-0.3497179,-0.7459388,-1.14959,0.3135778,-0.05166027,0.8705604,1.491737,0.2556868,0.346738,1.23803,0.1974791,290.2119,175.6169,45.58749,True
3,1.344447,-1.399605,-0.1211057,-0.6088121,-1.158293,-4.114612,-2.546884,0.5527862,1.310934,0.4302516,-1.271076,1.318645,0.1210946,-0.7921372,0.5282081,-0.2518253,-3.352813,-0.6759419,0.6982588,1.476448,0.3838494,0.1269625,-0.3603544,-0.7351989,-1.157255,0.3082657,-0.05064613,0.8727505,1.491054,0.2553711,0.3459557,1.24082,0.1967824,290.5413,175.2338,46.09427,True
3,1.355558,-1.393246,-0.119048,-0.6226903,-1.151362,-4.118127,-2.529935,0.5531677,1.314512,0.4290607,-1.255748,1.380033,0.09835434,-0.7887565,0.4847358,-0.2433149,-3.37077,-0.6589305,0.7011192,1.477077,0.3838296,0.1091141,-0.3581811,-0.7009694,-1.163857,0.3034215,-0.04921735,0.8750626,1.490365,0.2550728,0.3450437,1.24371,0.1960917,290.8699,174.8998,46.60157,True
3,1.366669,-1.397504,-0.131961,-0.6374952,-1.143998,-4.12134,-2.512574,0.5537807,1.317786,0.4279811,-1.240878,1.337573,0.05553705,-0.8131383,0.4669078,-0.2334346,-3.394211,-0.6351714,0.7041858,1.477821,0.3839023,0.09865624,-0.3453534,-0.675344,-1.1703,0.2993859,-0.04835475,0.8772929,1.489674,0.2547657,0.3440086,1.246705,0.195402,291.1711,174.5295,47.15971,True
3,1.37778,-1.405964,-0.1630909,-0.6638714,-1.135556,-4.1242,-2.495358,0.5539452,1.321275,0.4267442,-1.225269,1.40553,-0.0294717,-0.8546489,0.5005254,-0.2215782,-3.416936,-0.6096761,0.7068651,1.478517,0.383775,0.09647042,-0.3134346,-0.6807287,-1.178245,0.2962082,-0.04815768,0.8797324,1.489112,0.2544081,0.3427595,1.249862,0.1946553,291.495,174.2424,47.64053,True
3,1.388891,-1.41132,-0.1740317,-0.6989328,-1.127039,-4.12827,-2.477555,0.554246,1.324799,0.4255586,-1.209376,1.430885,-0.05381989,-0.8611093,0.5198774,-0.2104078,-3.440128,-0.585803,0.7097334,1.479227,0.3839071,0.1006205,-0.3039074,-0.6956745,-1.186329,0.2921894,-0.0479899,0.8818552,1.488289,0.2541969,0.3413672,1.253224,0.1938894,291.8637,173.9367,48.18531,True
3,1.400002,-1.424141,-0.1807498,-0.7350804,-1.118212,-4.1329,-2.459164,0.5542476,1.328482,0.4243245,-1.193996,1.383714,-0.09398228,-0.8632959,0.5575028,-0.1987597,-3.460526,-0.5633513,0.7123268,1.479927,0.3836653,0.1016338,-0.2666299,-0.7000174,-1.194218,0.2899595,-0.04842799,0.8837539,1.48755,0.2540071,0.3399882,1.256755,0.1931607,292.222,173.4058,48.99583,True
3,1.411114,-1.433678,-0.1978981,-0.7434641,-1.109853,-4.136565,-2.441294,0.5545204,1.332147,0.4230995,-1.178566,1.388639,-0.1382191,-0.8410442,0.613351,-0.1868586,-3.475346,-0.5457941,0.7148268,1.480644,0.3834279,0.08885616,-0.2442675,-0.6978263,-1.20172,0.2873629,-0.04802372,0.8857683,1.486827,0.2538133,0.3385186,1.260441,0.1923527,292.6051,172.6962,49.94445,True
3,1.422225,-1.451732,-0.2171853,-0.7496758,-1.101322,-4.140156,-2.422831,0.554419,1.336068,0.4218099,-1.162814,1.418085,-0.1539259,-0.8112748,0.6391549,-0.1758592,-3.490579,-0.5284745,0.7172954,1.48141,0.3832104,0.0665158,-0.2037844,-0.6913389,-1.209165,0.286088,-0.04752624,0.8876207,1.486084,0.253588,0.3369501,1.264276,0.1915227,293.0093,171.949,50.86451,True
3,1.433336,-1.46668,-0.2108808,-0.7560873,-1.093645,-4.144901,-2.403942,0.5545278,1.339966,0.4206903,-1.147397,1.387155,-0.1546417,-0.8082241,0.6796492,-0.163778,-3.510333,-0.5074094,0.7195683,1.482062,0.3828413,0.02493548,-0.2421737,-0.6984022,-1.217017,0.2815455,-0.04496907,0.889454,1.485436,0.2532811,0.3352141,1.268283,0.1907014,293.4135,171.2814,51.70633,True
3,1.444447,-1.484634,-0.1865834,-0.7738295,-1.086017,-4.150936,-2.384019,0.5544601,1.343949,0.4193797,-1.131217,1.45707,-0.1823463,-0.8348363,0.6861753,-0.1521922,-3.5452,-0.4701209,0.7217976,1.482686,0.3824956,0.0416925,-0.2384671,-0.667389,-1.224312,0.2769831,-0.04347477,0.8912437,1.484679,0.2529283,0.333468,1.272427,0.1899524,293.778,170.7263,52.52488,True
3,1.455558,-1.512792,-0.1527938,-0.8065236,-1.078513,-4.158721,-2.362545,0.5544583,1.347888,0.4184008,-1.115591,1.405614,-0.2261323,-0.8507076,0.6769098,-0.1413553,-3.585684,-0.4261234,0.7240323,1.483393,0.3821456,0.05207121,-0.1994332,-0.6337136,-1.229331,0.2768022,-0.04545643,0.8927225,1.48393,0.2528687,0.3316467,1.276722,0.1891717,294.1566,170.2613,53.26116,True
3,1.466669,-1.548071,-0.1403946,-0.8438272,-1.070412,-4.166404,-2.340547,0.554376,1.352108,0.4174519,-1.099397,1.45812,-0.2824384,-0.8463916,0.6934077,-0.1302051,-3.624371,-0.3827162,0.7260989,1.483991,0.3818851,0.03207809,-0.1759881,-0.6005599,-1.234728,0.275082,-0.04452086,0.8945725,1.483274,0.2525666,0.3297966,1.281189,0.1884238,294.5172,169.8021,53.96228,True
3,1.47778,-1.569429,-0.1352993,-0.8640724,-1.062321,-4.173914,-2.31869,0.5541912,1.356306,0.4162123,-1.082715,1.502069,-0.2980128,-0.7932216,0.7299421,-0.1189591,-3.650787,-0.3525892,0.7280602,1.484712,0.3814862,0.02691284,-0.1802106,-0.5802695,-1.240391,0.2725711,-0.04379142,0.8960503,1.482589,0.2523043,0.327767,1.285881,0.187701,294.8838,169.2683,54.69151,True
3,1.488891,-1.595031,-0.1333611,-0.8800194,-1.054559,-4.181491,-2.296563,0.5539634,1.360762,0.4153578,-1.066046,1.500419,-0.288006,-0.7646354,0.7736139,-0.1070873,-3.684293,-0.3166355,0.7300267,1.485513,0.380964,0.03661975,-0.1684933,-0.5675557,-1.24589,0.2703817,-0.04397785,0.8975792,1.481843,0.2520683,0.3255599,1.290853,0.1871865,295.2657,168.6837,55.44127,True
3,1.500003,-1.612102,-0.1313803,-0.8917248,-1.04676,-4.189386,-2.274157,0.5537161,1.36528,0.4140999,-1.049862,1.455857,-0.2547034,-0.7360201,0.8000581,-0.09554943,-3.722862,-0.2765733,0.7318091,1.486322,0.3805099,0.020585,-0.124833,-0.5717821,-1.25237,0.2701079,-0.04361672,0.8989348,1.481184,0.2518559,0.323118,1.296174,0.1868934,295.6487,168.1493,56.25995,True
3,1.511114,-1.623921,-0.1156562,-0.9184604,-1.039093,-4.198557,-2.251281,0.5537082,1.369739,0.4128292,-1.033254,1.495015,-0.2430858,-0.758408,0.7934734,-0.08524885,-3.802645,-0.1949231,0.7334986,1.4872,0.3800271,0.003499776,-0.09296598,-0.5791302,-1.258514,0.2693935,-0.04297543,0.9007289,1.480811,0.2516179,0.3204629,1.301827,0.1867606,295.9916,167.6138,57.23257,True
3,1.522225,-1.630414,-0.09449726,-0.9345936,-1.032051,-4.208283,-2.22805,0.5535308,1.374219,0.4116576,-1.016522,1.505806,-0.2569888,-0.7946074,0.7945349,-0.07508303,-3.912469,-0.08213242,0.7351953,1.488122,0.379564,-0.01033077,-0.06420118,-0.5748227,-1.264776,0.2694827,-0.04241004,0.901976,1.480314,0.2513332,0.3177157,1.307773,0.1867966,296.291,167.1215,58.24296,True
3,1.533336,-1.640182,-0.051006,-0.9530227,-1.02597,-4.219426,-2.203774,0.5536217,1.378725,0.4104369,-0.9998934,1.496097,-0.3050913,-0.8712168,0.7914851,-0.06653535,-4.090886,0.1008939,0.73669,1.489242,0.378917,-0.007007182,-0.05457461,-0.5567516,-1.270215,0.2688442,-0.04233121,0.9024791,1.479702,0.2512448,0.3148829,1.313961,0.1868528,296.5621,166.6408,59.35378,True
3,1.544447,-1.646785,-0.005431622,-0.9831982,-1.020278,-4.231814,-2.179001,0.5535343,1.383425,0.4095867,-0.9828588,1.533217,-0.3654022,-0.838247,0.8336517,-0.05778847,-4.252087,0.267706,0.7380866,1.49036,0.378242,-0.009999275,-0.04599643,-0.5301134,-1.275106,0.2684112,-0.04198447,0.9035161,1.479235,0.2509761,0.3120855,1.3203,0.1869394,296.8325,166.0686,60.54879,True
3,1.555558,-1.643793,0.0477362,-0.9974675,-1.015669,-4.244484,-2.15442,0.5533539,1.3883,0.4087515,-0.9653741,1.57392,-0.3831519,-0.7903868,0.8659282,-0.05044293,-4.445829,0.4660308,0.7394329,1.491501,0.3774867,-0.06919047,-0.02991012,-0.4689713,-1.278331,0.2685321,-0.03940253,0.9041579,1.478971,0.2508867,0.3093113,1.326734,0.1870545,297.0746,165.4973,61.67141,True
3,1.566669,-1.641845,0.09451647,-1.011682,-1.011496,-4.257463,-2.129639,0.5532977,1.393276,0.4080448,-0.9481897,1.546034,-0.3792745,-0.7021589,0.9258723,-0.04281937,-4.67191,0.695807,0.7406349,1.492706,0.3766439,-0.1063758,-0.01924864,-0.4537995,-1.283125,0.2684348,-0.03693938,0.9050946,1.478564,0.2507327,0.3065759,1.333262,0.1872567,297.3137,165.0449,62.60284,True
3,1.577781,-1.636665,0.1274091,-1.031122,-1.007323,-4.27123,-2.104328,0.5531132,1.398224,0.4071171,-0.9311034,1.537214,-0.3636361,-0.6289152,0.9952343,-0.03749038,1.284371,1.026046,0.7417302,1.493937,0.3757143,-0.1254569,-0.00644716,-0.4408935,-1.287593,0.2686412,-0.03492523,0.9057705,1.478249,0.2505374,0.3037785,1.339947,0.187647,297.5739,164.6632,63.36,True
3,1.588892,-1.626289,0.1791614,-1.095477,-1.003236,-4.28818,-2.077581,0.5530757,1.403468,0.4063795,-0.9135261,1.582165,-0.3781711,-0.6162487,1.036955,-0.03939934,0.9096239,1.405258,0.743029,1.495105,0.3748388,-0.1221379,0.001100495,-0.4217986,-1.292363,0.2691329,-0.03391855,0.9064151,1.478028,0.250473,0.300843,1.346848,0.1882971,297.7834,164.3895,64.04752,True
3,1.600003,-1.612373,0.1502983,-1.114453,-0.9976777,-4.302281,-2.052639,0.5526609,1.409062,0.4057424,-0.8957425,1.600526,-0.4289836,-0.6376071,1.078868,-0.04719601,0.5976294,1.723436,0.7440181,1.496461,0.3738928,-0.1314157,0.03527281,-0.3802496,-1.295092,0.2707491,-0.0325915,0.9070076,1.477836,0.2503855,0.2977692,1.353973,0.1892452,297.9461,164.1734,64.82506,True
3,1.611114,-1.608241,0.1583521,-1.177381,-0.9926108,-4.319065,-2.025989,0.5523566,1.414611,0.4052567,-0.8782951,1.569632,-0.4653879,-0.6609557,1.064162,-0.05788754,0.434467,1.892694,0.744922,1.497912,0.3730052,-0.1580408,0.08751011,-0.3727234,-1.299617,0.2738322,-0.03060212,0.9076717,1.477611,0.2502916,0.2944561,1.361338,0.1904174,298.1245,163.9972,65.67517,True
3,1.622225,-1.606134,0.1506714,-1.207153,-0.9876705,-4.335365,-1.999203,0.5519766,1.420213,0.4045835,-0.860862,1.568726,-0.4569231,-0.6726741,1.059788,-0.06964166,0.3115886,2.020127,0.7458477,1.499376,0.3720992,-0.1742173,0.1290025,-0.3950536,-1.304881,0.2766486,-0.02882952,0.9081361,1.477425,0.2501373,0.2909192,1.369012,0.1919278,298.3741,163.8683,66.47724,True
3,1.633336,-1.598682,0.1538686,-1.212535,-0.9838836,-4.351257,-1.972894,0.5517327,1.426208,0.4042244,-0.842866,1.619785,-0.4224082,-0.6366822,1.102203,-0.0813079,0.1918646,2.142859,0.7466371,1.501049,0.3712308,-0.1797775,0.1428364,-0.4195611,-1.311013,0.2788666,-0.02706597,0.9086134,1.477323,0.2500484,0.2871998,1.376962,0.1937757,298.6529,163.6884,67.39416,True
3,1.644447,-1.583776,0.1528286,-1.210406,-0.9803996,-4.367045,-1.946842,0.5517377,1.432008,0.4036915,-0.8246905,1.636063,-0.3619898,-0.5443805,1.174431,-0.09307109,0.06926669,2.267318,0.747393,1.502615,0.3703313,-0.1998982,0.1279505,-0.4044751,-1.315375,0.2796836,-0.02435754,0.9089916,1.477162,0.2498901,0.2833268,1.385172,0.1959715,298.8941,163.5206,68.39474,True
3,1.655559,-1.55819,0.1465031,-1.221064,-0.9767687,-4.383148,-1.921574,0.551796,1.43776,0.4029884,-0.8071807,1.57507,-0.3436991,-0.5402213,1.19453,-0.1065861,0.00446439,2.334993,0.7483099,1.504128,0.3694274,-0.2273189,0.1088408,-0.3690664,-1.31839,0.2803355,-0.02102299,0.9093335,1.477042,0.249718,0.2793836,1.393628,0.1984285,299.0703,163.5362,69.34178,True
3,1.66667,-1.529431,0.1356924,-1.254064,-0.9728213,-4.400576,-1.895901,0.5522591,1.443083,0.4019275,-0.7897311,1.570219,-0.3437278,-0.621241,1.204908,-0.123193,-0.02003736,2.362984,0.7493395,1.505571,0.3682582,-0.2356998,0.1014228,-0.3508747,-1.321751,0.2813011,-0.01840138,0.9097912,1.47675,0.2495596,0.2756318,1.402302,0.2011096,299.1719,163.6983,70.23052,True
3,1.677781,-1.513407,0.1121384,-1.27628,-0.9686854,-4.417736,-1.870097,0.5523189,1.448701,0.401386,-0.7730693,1.498193,-0.3882216,-0.6884236,1.247671,-0.1408748,-0.04505643,2.393408,0.7502553,1.506908,0.3672073,-0.2397079,0.09619994,-0.320998,-1.324215,0.2825862,-0.01612145,0.909977,1.476556,0.2494066,0.2722106,1.411094,0.2038508,299.2302,163.7682,71.3118,True
3,1.688892,-1.494126,0.0758684,-1.295218,-0.9641538,-4.435015,-1.844412,0.5525985,1.454111,0.400878,-0.7559053,1.544736,-0.4261173,-0.6842906,1.301274,-0.1577513,-0.08051788,2.434518,0.7510922,1.50837,0.3661551,-0.2301055,0.1047413,-0.316842,-1.327929,0.2841554,-0.01419172,0.9103209,1.476472,0.2492487,0.2691367,1.41985,0.2064817,299.3033,163.5733,72.67528,True
3,1.700003,-1.484533,0.0791713,-1.285671,-0.9615029,-4.451607,-1.81897,0.5527453,1.459551,0.4002588,-0.7381361,1.599709,-0.4340135,-0.6312259,1.363316,-0.1743241,-0.1218278,2.48045,0.7518371,1.509673,0.3651323,-0.2099872,0.1111135,-0.3319291,-1.332094,0.2855657,-0.0129118,0.9104614,1.476223,0.2491891,0.2663922,1.428395,0.2089272,299.4634,163.1729,74.09861,True
3,1.711114,-1.454753,0.1126218,-1.245499,-0.9609787,-4.46743,-1.794478,0.5532156,1.465124,0.3997893,-0.7208953,1.551017,-0.4134947,-0.516271,1.372046,-0.1878242,-0.1641165,2.52588,0.7525678,1.511035,0.364131,-0.1994445,0.1196203,-0.3448118,-1.336492,0.2872193,-0.01137782,0.910671,1.475998,0.2491574,0.2637995,1.436689,0.2112114,299.7188,162.768,75.23787,True
3,1.722225,-1.424971,0.1449864,-1.20638,-0.9610651,-4.4826,-1.770983,0.5535576,1.470494,0.3990998,-0.7035336,1.562586,-0.3922113,-0.4566002,1.357157,-0.2015704,-0.1939599,2.558846,0.753368,1.512274,0.3631902,-0.2216361,0.1452238,-0.3201818,-1.339208,0.2897546,-0.008684302,0.910808,1.47564,0.2491658,0.2613178,1.444713,0.2134273,299.983,162.5167,76.12114,True
3,1.733337,-1.407876,0.1689719,-1.144822,-0.961561,-4.496183,-1.748176,0.5541815,1.475636,0.3982873,-0.686948,1.49182,-0.3809026,-0.4628375,1.306984,-0.2155392,-0.2055485,2.573968,0.7544246,1.513495,0.3623564,-0.2483379,0.1526483,-0.3274367,-1.343015,0.2917265,-0.005354285,0.9110672,1.475363,0.2490883,0.2588764,1.452559,0.2155803,300.1219,162.6427,76.63859,True
3,1.744448,-1.386564,0.1863945,-1.106634,-0.9623151,-4.510268,-1.725186,0.5546687,1.480698,0.3976445,-0.6706756,1.464002,-0.3906657,-0.5736279,1.303502,-0.2336301,-0.2030981,2.576059,0.7554562,1.514751,0.3614388,-0.2517056,0.1387522,-0.3497542,-1.34778,0.2927775,-0.002681803,0.9113231,1.475073,0.2490749,0.2566189,1.460308,0.2177263,300.1289,163.004,76.97675,True
3,1.755559,-1.375932,0.2100521,-1.083417,-0.96379,-4.524724,-1.701946,0.5551215,1.485513,0.3968525,-0.6537128,1.527269,-0.4015776,-0.6321372,1.285281,-0.250188,-0.2021462,2.579954,0.7563677,1.51578,0.3606505,-0.2273741,0.07479551,-0.3764496,-1.352822,0.2913643,-0.0006836334,0.9114914,1.474689,0.2490094,0.2545398,1.467969,0.2198028,300.0735,163.2875,77.48681,True
3,1.76667,-1.368452,0.2241205,-1.062267,-0.9651802,-4.53904,-1.678849,0.5557868,1.490175,0.3949559,-0.6371682,1.488635,-0.4037548,-0.6480876,1.276746,-0.2662804,-0.206567,2.588659,0.7572574,1.516737,0.3598809,-0.2178313,0.04815887,-0.3828557,-1.357143,0.2911263,0.001536644,0.911526,1.474274,0.2490103,0.2527551,1.475474,0.2217441,300.008,163.4584,78.12866,True
3,1.777781,-1.336296,0.2089408,-0.9727133,-0.9663083,-4.548932,-1.659404,0.556369,1.494516,0.3939774,-0.6207083,1.481443,-0.3802397,-0.6183107,1.279842,-0.2817044,-0.2155375,2.600831,0.7580866,1.51755,0.3592002,-0.2040561,0.05880205,-0.3915087,-1.361806,0.2921236,0.003111904,0.9116272,1.473759,0.249054,0.2511282,1.48285,0.2235036,299.9809,163.4801,78.77998,True
3,1.788892,-1.321252,0.2030113,-0.9215831,-0.9676692,-4.559803,-1.639076,0.5571541,1.499127,0.3931863,-0.6045461,1.454423,-0.3547016,-0.5927459,1.265879,-0.2965361,-0.2234392,2.611331,0.7589983,1.51837,0.3583546,-0.2114372,0.08119707,-0.380826,-1.365425,0.2940793,0.005336708,0.9115993,1.47326,0.249099,0.249504,1.490163,0.225033,299.8998,163.5359,79.41898,True
3,1.800003,-1.290258,0.2025274,-0.8598388,-0.9694663,-4.568811,-1.620886,0.5579332,1.503085,0.3922839,-0.589642,1.339753,-0.3357933,-0.5862755,1.233777,-0.3103888,-0.2267201,2.617471,0.7599299,1.519143,0.3577185,-0.2294768,0.1387381,-0.3680025,-1.368798,0.2977366,0.007770838,0.9117174,1.472699,0.2491915,0.2479752,1.497375,0.2262329,299.8024,163.6138,80.1523,True
3,1.811115,-1.241219,0.2092986,-0.8344151,-0.9716969,-4.579633,-1.602598,0.5586814,1.506921,0.3916111,-0.5735719,1.447476,-0.3330553,-0.6415573,1.189881,-0.3254037,-0.2194932,2.614145,0.7608064,1.519939,0.3571393,-0.2254049,0.1376325,-0.390404,-1.373912,0.2992984,0.009937053,0.9118607,1.472079,0.2492416,0.246741,1.502837,0.2264658,299.7966,163.8886,80.04861,True
3,1.822226,-1.220982,0.2266823,-0.7994246,-0.9746307,-4.589004,-1.584534,0.5592437,1.510624,0.3909245,-0.5589581,1.313503,-0.337148,-0.7115486,1.100183,-0.3385,-0.2053735,2.604536,0.761501,1.520497,0.3564961,-0.2247021,0.1194323,-0.4361762,-1.380235,0.3000003,0.01222977,0.9118477,1.471538,0.2494111,0.2464236,1.506074,0.2264457,300.1467,166.2674,77.30029,True
3,1.833337,-1.210313,0.2429958,-0.7633564,-0.9779724,-4.597862,-1.566649,0.5598509,1.514034,0.3904257,-0.5445429,1.296815,-0.3426987,-0.6698742,1.066287,-0.3507378,-0.2058574,2.60899,0.7620306,1.521053,0.3557978,-0.245043,0.1172668,-0.4487935,-1.385604,0.301269,0.0153683,0.9119209,1.470944,0.2495332,0.2462616,1.508309,0.2264008,300.4777,168.2759,74.93176,True
3,1.844448,-1.182565,0.2346728,-0.7516279,-0.9804049,-4.60755,-1.549055,0.5605156,1.517377,0.3899162,-0.5287696,1.420985,-0.3417218,-0.6188239,1.040823,-0.3630336,-0.2076741,2.613954,0.7626427,1.521635,0.3552699,-0.2681634,0.1535526,-0.4071284,-1.388516,0.3042544,0.01842694,0.9118845,1.470334,0.2496576,0.2459984,1.510288,0.2263806,300.7711,170.0024,72.62676,True
3,1.855559,-1.143045,0.2104055,-0.7376542,-0.9820294,-4.61677,-1.532569,0.5614337,1.520631,0.3893752,-0.5135959,1.365398,-0.3288755,-0.515466,1.028299,-0.3735334,-0.2173498,2.626248,0.7630459,1.522187,0.3545117,-0.2390231,0.2303706,-0.3553111,-1.390718,0.3093484,0.01926344,0.9118946,1.469656,0.2497184,0.2456136,1.512264,0.2263321,300.9813,171.7301,70.22699,True
3,1.86667,-1.113161,0.2064558,-0.7110395,-0.984494,-4.625029,-1.516732,0.5622789,1.523705,0.3888419,-0.4996543,1.253638,-0.3092854,-0.3876075,1.041468,-0.3844886,-0.2350651,2.645509,0.7638314,1.522596,0.3528576,-0.2294198,0.2634205,-0.3522526,-1.394469,0.3135176,0.02056679,0.9118947,1.4691,0.2498291,0.2452989,1.514323,0.226408,301.2449,173.4534,67.91608,True
3,1.877781,-1.0641,0.2144966,-0.6568447,-0.9874868,-4.631288,-1.503268,0.5631096,1.526378,0.3883963,-0.4861648,1.21328,-0.2882912,-0.3448774,0.9977563,-0.3940999,-0.2417562,2.65422,0.764466,1.523186,0.3520982,-0.2305451,0.2644706,-0.359703,-1.398624,0.3166737,0.02260251,0.9120826,1.468499,0.2498622,0.2450262,1.516339,0.2265453,301.6273,175.1422,65.66409,True
3,1.888893,-1.017198,0.2352778,-0.6080912,-0.9911806,-4.637234,-1.490365,0.5640131,1.529109,0.388042,-0.47222,1.255403,-0.2696981,-0.3745322,0.9388928,-0.4041294,-0.239105,2.654228,0.7654434,1.523759,0.3513913,-0.2210959,0.2378181,-0.3799635,-1.403532,0.3184639,0.02435541,0.9122332,1.46794,0.2499697,0.2446186,1.518041,0.2263445,301.994,176.7819,63.29609,True
3,1.900004,-0.9873005,0.2270614,-0.58144,-0.9939247,-4.643515,-1.477036,0.5647956,1.531612,0.3877239,-0.4596451,1.13008,-0.24279,-0.4169004,0.8564767,-0.4128374,-0.2333626,2.650665,0.7661552,1.524194,0.3507764,-0.2172188,0.17167,-0.4320668,-1.410166,0.318131,0.02664759,0.9124305,1.467412,0.2500272,0.2443847,1.51978,0.2263689,302.3652,178.3086,61.32037,True
3,1.911115,-0.970159,0.1994401,-0.5780529,-0.9957421,-4.650959,-1.462661,0.5657277,1.534416,0.3873532,-0.4466079,1.173681,-0.1992537,-0.4233257,0.8422142,-0.4231039,-0.2327583,2.65095,0.7668531,1.52477,0.3508101,-0.2427793,0.1407582,-0.4328739,-1.415066,0.3187921,0.03010304,0.9126698,1.466844,0.2500713,0.2442049,1.521265,0.2264319,302.6194,179.6782,59.56658,True
3,1.922226,-0.9240425,0.11122,-0.5721166,-0.9948004,-4.658549,-1.449551,0.5666876,1.536971,0.3870099,-0.4331504,1.211822,-0.1578537,-0.4041414,0.8206337,-0.4328835,-0.2345797,2.653112,0.7674283,1.525341,0.350487,-0.2394995,0.1439722,-0.4211873,-1.41928,0.3208383,0.0323867,0.9128531,1.466313,0.2501581,0.2438785,1.522404,0.2263972,303.054,181.0544,57.72919,True
3,1.933337,-0.8972308,0.06983551,-0.5644051,-0.9948888,-4.665931,-1.436526,0.5677062,1.539835,0.3860807,-0.4198623,1.196318,-0.147642,-0.4072562,0.7778605,-0.4412192,-0.2320186,2.652294,0.7681426,1.525799,0.3501117,-0.2253406,0.1536444,-0.3819023,-1.422192,0.3230022,0.03410444,0.9129537,1.465815,0.2502375,0.2434245,1.523605,0.2264954,303.3256,182.2708,56.08458,True
3,1.944448,-0.8619539,0.0434269,-0.5504057,-0.995544,-4.672574,-1.42451,0.5686958,1.542331,0.3859241,-0.408718,1.000826,-0.1422079,-0.4389405,0.6828119,-0.4476326,-0.2234417,2.646202,0.7685896,1.526136,0.3496413,-0.2175489,0.166488,-0.3393764,-1.424547,0.3251457,0.03590208,0.913154,1.465279,0.2504125,0.2429119,1.524925,0.2266718,303.6034,183.5592,54.29631,True
3,1.955559,-0.8341836,0.02329889,-0.5481667,-0.9960984,-4.679876,-1.41205,0.5694947,1.544683,0.3857729,-0.3967359,1.07914,-0.1322273,-0.5058269,0.6175005,-0.4555486,-0.212543,2.637456,0.7691518,1.526533,0.3492956,-0.2207587,0.1771373,-0.3404374,-1.428306,0.3276692,0.03812022,0.9133099,1.464789,0.2505217,0.2426467,1.526212,0.2265194,303.9388,184.916,52.3743,True
3,1.966671,-0.8213502,0.005157784,-0.5587075,-0.9968356,-4.687797,-1.398895,0.5703461,1.547021,0.3856809,-0.3855554,1.005448,-0.1334118,-0.4738335,0.6058765,-0.4632398,-0.2110393,2.638085,0.769632,1.527124,0.3490801,-0.2295974,0.1855586,-0.3798027,-1.433925,0.3300272,0.04070029,0.9134899,1.464372,0.2506323,0.2423315,1.527343,0.226479,304.2105,186.4704,50.528,True
3,1.977782,-0.7988717,-0.02564292,-0.556373,-0.9967003,-4.695245,-1.386579,0.5711938,1.549561,0.3854225,-0.3740708,1.034179,-0.1257276,-0.4227712,0.6219777,-0.4712735,-0.2129558,2.641,0.7700098,1.527704,0.3485947,-0.2350624,0.1897828,-0.3968128,-1.438925,0.3325365,0.04320792,0.9136082,1.463992,0.250787,0.2418998,1.528408,0.2266294,304.4243,187.6245,48.93187,True
3,1.988893,-0.7796083,-0.05114755,-0.5572727,-0.9966369,-4.702756,-1.374527,0.5721609,1.55212,0.3852763,-0.3625819,1.034425,-0.1083727,-0.3601483,0.655024,-0.4794888,-0.2169157,2.645441,0.7707009,1.527988,0.3477817,-0.2286122,0.2046974,-0.388364,-1.442568,0.3353148,0.04506548,0.9136837,1.463624,0.2509718,0.2414507,1.529464,0.2267447,305.0728,188.4267,47.58461,True
3,2.000004,-0.7496224,-0.09250195,-0.5452802,-0.9954023,-4.70992,-1.363292,0.5731727,1.554734,0.3849304,-0.3523532,0.9195419,-0.09283346,-0.2357124,0.7022347,-0.4869947,-0.2296657,2.657261,0.7710879,1.528443,0.3472447,-0.2051046,0.2143163,-0.378984,-1.446301,0.3382549,0.04611583,0.9136872,1.463378,0.2510841,0.2410552,1.530512,0.2269415,305.5282,189.4031,46.0287,True
3,2.011115,-0.718583,-0.1220339,-0.5206022,-0.994305,1.566953,-1.352952,0.5743907,1.557177,0.3845756,-0.3422572,0.9085187,-0.102285,-0.1622973,0.7174764,-0.4941394,-0.2379083,2.666723,0.771985,1.529033,0.3465962,-0.2091317,0.2111643,-0.3491206,-1.44906,0.3404604,0.04829962,0.9137641,1.463298,0.2511749,0.2404999,1.531636,0.2271667,305.8276,190.4131,44.46788,True
3,2.022226,-0.7035797,-0.1431986,-0.5087426,-0.9932403,1.560184,-1.341859,0.5755156,1.559715,0.3841941,-0.3327465,0.8553008,-0.1099629,-0.2122659,0.6992304,-0.5021955,-0.2369189,2.667171,0.7724302,1.529473,0.3461952,-0.2141938,0.1963124,-0.3170895,-1.451343,0.3422648,0.05066051,0.9138358,1.463118,0.251163,0.2399582,1.532753,0.2273836,306.0808,191.5095,42.84156,True
3,2.033337,-0.6927781,-0.1697758,-0.4893748,-0.9906975,1.554371,-1.331126,0.5768361,1.561691,0.3833654,-0.3233307,0.8471976,-0.1013417,-0.2464438,0.7182031,-0.5115826,-0.2378264,2.668772,0.7732264,1.529941,0.3458312,-0.2138532,0.1239433,-0.2796497,-1.453023,0.3411323,0.05315909,0.9138278,1.463107,0.250988,0.2396998,1.533643,0.2272406,307.0816,192.1303,41.77534,True
3,2.044448,-0.6862878,-0.1876735,-0.4647433,-0.9891124,1.548659,-1.320618,0.5779774,1.564146,0.3829212,-0.313225,0.910531,-0.07995605,-0.2581988,0.725447,-0.5204073,-0.2403801,2.670938,0.7738107,1.530306,0.345561,-0.2051463,0.07604736,-0.2604443,-1.455383,0.340536,0.05509734,0.9139603,1.462928,0.2508614,0.2397694,1.534937,0.2272298,308.2158,192.2699,41.41579,True
3,2.055559,-0.6668744,-0.2363108,-0.4249815,-0.9859182,1.543604,-1.311163,0.5792543,1.566482,0.3824506,-0.3036531,0.8613887,-0.06633961,-0.2613187,0.6986861,-0.5277453,-0.2411885,2.671894,0.7746483,1.53066,0.3453424,-0.173882,-0.01014235,-0.2200359,-1.456516,0.3373779,0.056267,0.914099,1.462773,0.2505782,0.2397537,1.536019,0.2273057,308.4857,193.2693,40.14212,True
3,2.06667,-0.657163,-0.2553327,-0.4014075,-0.9832013,1.538562,-1.301399,0.5805846,1.568883,0.3818169,-0.2947475,0.8010516,-0.04925305,-0.2581394,0.698561,-0.5357795,-0.243533,2.673704,0.7755324,1.530973,0.3451285,-0.1534388,-0.09105718,-0.199782,-1.458165,0.3338592,0.05767954,0.9142493,1.46259,0.2503793,0.2396627,1.536663,0.2272944,308.6547,194.1597,39.05423,True
3,2.077781,-0.6324846,-0.2846853,-0.3511446,-0.9797056,1.534651,-1.292946,0.5820453,1.570982,0.3810995,-0.2866318,0.7295874,-0.02653438,-0.2060925,0.7283936,-0.5442867,-0.250609,2.679345,0.7765931,1.531056,0.3450267,-0.1291471,-0.1486322,-0.2296875,-1.461916,0.330439,0.05871844,0.9144804,1.462307,0.2501149,0.2397735,1.538029,0.2272182,309.6451,194.2728,38.86443,True
3,2.088892,-0.6078993,-0.2883503,-0.2914819,-0.9775426,1.532025,-1.285614,0.5835979,1.572824,0.3806093,-0.2777725,0.7981796,-0.02115101,-0.1911646,0.7273402,-0.552151,-0.2550175,2.682993,0.7776335,1.531245,0.3448193,-0.113352,-0.1913023,-0.2563539,-1.465919,0.3272917,0.0597355,0.9147599,1.461945,0.2500472,0.2398002,1.539036,0.2272086,309.9521,195.1604,37.79752,True
3,2.100003,-0.583329,-0.2813872,-0.2287147,-0.9749795,1.530387,-1.278979,0.5851461,1.574241,0.3799047,-0.2700264,0.6959879,-0.007400215,-0.2050056,0.718648,-0.5602609,-0.2568165,2.684132,0.7790416,1.531245,0.3447497,-0.1028349,-0.2105098,-0.2745094,-1.46976,0.3245039,0.06079784,0.9150573,1.46153,0.2498212,0.2397869,1.539935,0.2270567,310.3959,195.8516,36.98701,True
3,2.111114,-0.5513279,-0.2604448,-0.1532815,-0.9728069,1.530409,-1.273945,0.586641,1.575369,0.3792698,-0.2623235,0.6931249,0.00881207,-0.2296147,0.7471989,-0.5701375,-0.2589458,2.685223,0.7805999,1.531197,0.3446612,-0.08074465,-0.2425574,-0.309786,-1.474772,0.3208891,0.06156962,0.9156903,1.461166,0.2495992,0.2399071,1.54044,0.2271003,310.2181,196.9353,35.87041,True
3,2.122225,-0.5332002,-0.2386472,-0.09700853,-0.9707419,1.530506,-1.268664,0.5881243,1.576439,0.3786323,-0.2545492,0.6998171,0.01978505,-0.2137812,0.781255,-0.5798112,-0.2638689,2.688777,0.7820657,1.531032,0.3446054,-0.06704363,-0.258572,-0.329037,-1.479341,0.3176957,0.06212569,0.9161301,1.460614,0.2493572,0.2399873,1.54073,0.2270927,310.0488,197.8257,34.98962,True
3,2.133336,-0.4756058,-0.2066132,0.02410695,-0.9682929,1.534886,-1.267687,0.5897399,1.576454,0.3777628,-0.247494,0.6341218,0.04886621,-0.196878,0.8130447,-0.5896814,-0.2697192,2.692203,0.7839831,1.530528,0.3445666,-0.02790758,-0.3065018,-0.3665283,-1.484587,0.3137742,0.06139731,0.9163463,1.45988,0.249047,0.2401691,1.540815,0.2268851,309.9831,198.4852,34.52746,True
3,2.144447,-0.4489754,-0.1728867,0.1026414,-0.9664111,1.538579,-1.265553,0.5912982,1.576721,0.3769403,-0.2398262,0.6909599,0.06496203,-0.146811,0.8130977,-0.5977838,-0.2768546,2.696836,0.7856585,1.530108,0.3446558,-0.0132058,-0.3310319,-0.3953563,-1.489965,0.3098646,0.06130091,0.916756,1.459267,0.2488673,0.2404249,1.540746,0.2265405,310.0048,198.9235,34.40565,True
3,2.155558,-0.3936453,-0.1025108,0.2234629,-0.9656143,1.546487,-1.267425,0.592887,1.576054,0.3760519,-0.2344892,0.4775718,0.08688009,-0.1018799,0.7512847,-0.6033945,-0.2824252,2.699766,0.7875954,1.529319,0.3448551,-0.0049586,-0.3811742,-0.4326052,-1.496465,0.3042839,0.06152754,0.9175318,1.458346,0.248558,0.2407935,1.540541,0.2261342,309.9863,199.2999,34.44522,True
3,2.166669,-0.3511153,-0.03880465,0.3145357,-0.9653122,1.55432,-1.269219,0.5945237,1.5757,0.3751466,-0.2270323,0.6733927,0.1329471,-0.1229151,0.6581258,-0.6081541,-0.2823493,2.696571,0.7897019,1.528568,0.3451555,-0.004005313,-0.4078074,-0.4495959,-1.502027,0.2996594,0.06176589,0.9182719,1.457663,0.248316,0.2419367,1.540566,0.2255885,310.0131,199.5791,34.84134,True
3,2.17778,-0.2841382,0.06485784,0.4638453,-0.9664702,1.567951,-1.276134,0.5959229,1.573988,0.3742599,-0.2219862,0.4515221,0.184762,-0.152692,0.6192176,-0.6143295,-0.2823173,2.692712,0.7917366,1.527776,0.3454299,-0.01378316,-0.437693,-0.4750234,-1.508527,0.2941453,0.0626229,0.9191663,1.456688,0.2479448,0.244013,1.541873,0.2251575,309.346,197.3716,38.28005,True
3,2.188891,-0.2107159,0.1568895,0.6217523,-0.9674652,-4.69979,-1.284927,0.5971606,1.572112,0.3733139,-0.2159408,0.5450947,0.232021,-0.1545818,0.5389072,-0.6182944,-0.28264,2.688766,0.7937987,1.526981,0.3458085,-0.007534832,-0.4590699,-0.4973499,-1.514488,0.2883993,0.06264447,0.9200548,1.45589,0.2475483,0.248262,1.545121,0.2249782,309.2988,195.5635,40.97875,True
3,2.200002,-0.1617653,0.2175404,0.7277436,-0.9686082,-4.684495,-1.293533,0.5982544,1.570145,0.3723972,-0.2119818,0.3539513,0.2819983,-0.1467189,0.4032057,-0.618704,-0.2804486,2.682152,0.7957508,1.526217,0.3462584,0.03292146,-0.4942136,-0.502931,-1.520685,0.2820292,0.06117867,0.9211799,1.454853,0.2471333,0.2525809,1.551178,0.2241913,306.2122,191.322,46.34958,True
3,2.211113,-0.06601065,0.3397831,0.9248099,-0.9716187,-4.662723,-1.308128,0.5991059,1.566954,0.3713059,-0.2076541,0.389353,0.3429895,-0.09423131,0.2984791,-0.6185799,-0.2820345,2.677713,0.7974997,1.525396,0.3466766,0.062848,-0.511236,-0.4934906,-1.525263,0.2759988,0.05955094,0.9222362,1.453731,0.2468007,0.2566986,1.563387,0.2270577,303.5648,184.6271,58.77815,True
3,2.222224,-0.009613633,0.3971361,1.013764,-0.9739489,-4.644894,-1.319679,0.600186,1.56442,0.3702826,-0.2027694,0.4402995,0.3669538,-0.05247152,0.2281105,-0.6182827,-0.2834731,2.674014,0.7992301,1.5245,0.3470964,0.05537111,-0.5261497,-0.4975992,-1.530398,0.2702489,0.05946226,0.9235264,1.452701,0.2464621,0.2608973,1.576367,0.2312242,301.2956,176.549,71.35631,True
3,2.233335,0.07557857,0.4645281,1.148413,-0.9771266,-4.622456,-1.336028,0.6009481,1.560611,0.3692861,-0.200756,0.1782557,0.3365772,-0.01974562,0.03460142,-0.6128674,-0.2812488,2.669497,0.800992,1.523573,0.3474576,0.04067627,-0.5314288,-0.4708358,-1.535075,0.264478,0.0597616,0.9246929,1.451705,0.2461448,0.2646634,1.586761,0.2348002,299.409,168.9397,82.64243,True
3,2.244446,0.122398,0.5100543,1.22788,-0.9802446,-4.601981,-1.350168,0.6017254,1.557206,0.3682435,-0.1964566,0.3890771,0.3038387,-0.03855574,-0.05147552,-0.6102016,-0.2768007,2.663625,0.8026216,1.522582,0.3478203,0.04420197,-0.5228238,-0.4293105,-1.538443,0.2591872,0.05933283,0.9256182,1.450747,0.2458777,0.2678695,1.592228,0.2365174,298.2253,162.7764,91.45206,True
3,2.255557,0.1745329,0.5500387,1.277564,-0.9843214,-4.581266,-1.365486,0.6020079,1.552469,0.3672395,-0.1954329,0.08878938,0.1146107,-0.01255302,-0.3789337,-0.5959601,-0.2650956,2.659415,0.8038515,1.520823,0.3483405,0.07897274,-0.5066471,-0.3444,-1.539516,0.2541851,0.05739405,0.9267967,1.449816,0.2456875,0.2703862,1.59198,0.2357627,297.6026,159.5026,95.98526,True
3,2.266668,0.1862997,0.5298158,1.274494,-0.9862708,-4.564316,-1.37713,0.6025726,1.548867,0.3662274,-0.1920443,0.3077239,0.04486275,0.02080885,-0.4431925,-0.589748,-0.2621164,2.658488,0.8052348,1.519387,0.3489947,0.09341419,-0.4670772,-0.2668851,-1.540935,0.2502154,0.05614636,0.92784,1.448971,0.2455688,0.2723938,1.585648,0.2322834,297.1149,159.1978,96.12011,True
3,2.277779,0.205569,0.4934897,1.252377,-0.9879954,-4.547961,-1.389097,0.6028684,1.544484,0.3653653,-0.1910349,0.0886736,0.01855099,0.0936483,-0.5428468,-0.5797068,-0.2600031,2.657493,0.8058062,1.517948,0.3499238,0.09802108,-0.4062551,-0.2201747,-1.541919,0.2477975,0.05500307,0.9290322,1.448143,0.2454889,0.2739855,1.574047,0.2263239,296.7541,161.9974,91.83044,True
3,2.28889,0.2652723,0.4948143,1.260809,-0.9911023,-4.530022,-1.403804,0.6031784,1.540258,0.3645508,-0.1882205,0.2558794,0.02892458,0.05728334,-0.8125945,-0.5645209,-0.2437526,2.642853,0.8066515,1.517077,0.3509293,0.1205757,-0.3688974,-0.1948889,-1.543853,0.2450882,0.05306189,0.9303288,1.447304,0.2454176,0.2754151,1.558584,0.2186057,296.7463,166.8837,84.42316,True
3,2.300001,0.3590239,0.524426,1.33076,-0.9952494,-4.508615,-1.422358,0.6033325,1.535954,0.3638837,-0.1879771,0.02009534,0.078143,-0.08124948,-1.128852,-0.5473536,-0.2129851,2.614339,0.8074172,1.516526,0.351866,0.1463687,-0.3112912,-0.1632577,-1.544615,0.2436887,0.05052176,0.9314564,1.446548,0.2454877,0.2769377,1.541342,0.2101356,297.4713,173.1433,75.03257,True
3,2.311112,0.4666652,0.5402326,1.397594,-0.999446,-4.486369,-1.443159,0.6034936,1.531363,0.3632081,-0.189812,-0.1672386,0.0928812,-0.04348147,-1.277993,-0.530687,-0.1953616,2.597466,0.8082684,1.515862,0.3526692,0.1283361,-0.2025964,-0.1452495,-1.545954,0.2450991,0.04979872,0.9326425,1.445822,0.2455113,0.2787231,1.524312,0.2019195,298.663,178.7119,66.33807,True
3,2.322223,0.526328,0.5599269,1.43678,-1.004271,-4.464878,-1.462135,0.6037243,1.527125,0.3627942,-0.192415,-0.235614,0.0991323,-0.04024416,-1.295079,-0.5184903,-0.1801422,2.583094,0.8091285,1.515013,0.3533137,0.1176472,-0.1227027,-0.144263,-1.54746,0.2466692,0.0488208,0.933742,1.445198,0.2454922,0.2809208,1.508892,0.1946242,299.7759,182.8993,59.51479,True
3,2.333334,0.6222395,0.5398389,1.413355,-1.008379,-4.446201,-1.482312,0.6041526,1.522694,0.3623009,-0.1953631,-0.2666981,0.04668403,0.04737157,-1.340129,-0.5027004,-0.1684369,2.573812,0.8099869,1.514137,0.3535471,0.1170748,-0.06184765,-0.0783561,-1.546462,0.2479356,0.04760933,0.9352977,1.444809,0.245575,0.2835985,1.495692,0.1885016,300.4633,185.5459,54.99845,True
3,2.344445,0.664879,0.5033111,1.35499,-1.011858,-4.430315,-1.499335,0.6044806,1.518753,0.3618946,-0.1957349,-0.03029565,-0.005132675,0.09380507,-1.181835,-0.4947141,-0.1650101,2.572489,0.8107519,1.512908,0.3532791,0.09747938,-0.08726324,-0.0004068352,-1.544574,0.2457873,0.04722211,0.9366194,1.444242,0.2455137,0.2866707,1.484764,0.1835568,300.7014,186.8744,52.47263,True
3,2.355556,0.6990556,0.4159544,1.202209,-1.013289,-4.420156,-1.513637,0.6048439,1.515514,0.3616223,-0.2005712,-0.4402093,-0.1566073,0.2254709,-0.9850944,-0.487139,-0.1727221,2.585905,0.811406,1.511979,0.3531902,0.09674793,-0.1255351,0.03803031,-1.542985,0.2430346,0.04625351,0.937782,1.443664,0.2454681,0.2899223,1.475995,0.1796405,300.6452,187.5159,51.07248,True
3,2.366668,0.7055146,0.3447301,1.081329,-1.014782,-4.410056,-1.526883,0.6047627,1.512558,0.3615007,-0.2021691,-0.1396997,-0.2308428,0.2462687,-0.8288806,-0.4816923,-0.1725407,2.590465,0.8115202,1.511341,0.3541691,0.1245878,-0.1691573,0.05281592,-1.542109,0.2396789,0.04400101,0.9389168,1.44311,0.2456005,0.2930581,1.468993,0.1766407,300.4077,187.3307,50.72578,True
3,2.377779,0.6918384,0.2067633,0.8800033,-1.012258,-4.406982,-1.53582,0.6049738,1.511253,0.3616741,-0.2058986,-0.3371435,-0.2309237,0.2405507,-0.7149078,-0.4771671,-0.1730257,2.593595,0.8117673,1.510922,0.3543148,0.1125202,-0.1127969,0.01336743,-1.543502,0.2402324,0.04309607,0.9400537,1.442518,0.24575,0.2956893,1.463426,0.174442,300.1657,186.9826,50.63311,True
3,2.38889,0.653802,0.01086855,0.6376269,-1.006183,-4.407977,-1.541309,0.6049118,1.51068,0.3620801,-0.2091327,-0.2894357,-0.08870155,0.2432703,-0.6543727,-0.4708224,-0.1703761,2.586859,0.8115107,1.510513,0.3550167,0.08526846,-0.03625682,-0.05582573,-1.546538,0.2426322,0.04322976,0.941326,1.442205,0.2458212,0.29752,1.459075,0.1730705,300.0393,186.532,50.69449,True
3,2.400001,0.5976849,-0.205505,0.3730544,-0.9971557,-4.413561,-1.543074,0.6054689,1.5112,0.3627458,-0.2131536,-0.3616365,0.05317259,0.2141901,-0.6280074,-0.4648819,-0.1660077,2.577615,0.8115631,1.510461,0.3554289,0.04814245,0.0902804,-0.1580582,-1.551693,0.248415,0.04389821,0.9422501,1.441826,0.2459168,0.2984943,1.455734,0.1725008,299.9922,186.3192,50.66679,True
3,2.411112,0.5574552,-0.3615966,0.1836484,-0.9882112,-4.418678,-1.545322,0.6058394,1.511085,0.3632531,-0.2169406,-0.3392946,0.09946001,0.1120113,-0.6766962,-0.4582922,-0.1504982,2.561295,0.8118168,1.510185,0.3557563,0.02328616,0.1583622,-0.1942347,-1.555043,0.2525135,0.0446961,0.9431401,1.441511,0.2458863,0.298681,1.45349,0.1729104,300.3283,186.2787,50.49255,True
3,2.422223,0.5141628,-0.5939268,-0.08186674,-0.9745294,-4.430628,-1.543056,0.6068791,1.512048,0.3640976,-0.2210147,-0.3657145,0.1605135,0.032897,-0.6242272,-0.4553585,-0.1388783,2.547285,0.8124391,1.510398,0.355933,-0.01511297,0.1944822,-0.1962039,-1.557999,0.2549071,0.04629533,0.9440615,1.441546,0.2456546,0.2981256,1.452535,0.1745081,300.9473,186.2405,50.44488,True
3,2.433334,0.473918,-0.7533327,-0.2872403,-0.9609585,-4.44388,-1.539477,0.6082078,1.513952,0.365047,-0.2267932,-0.5214297,0.2336315,0.05129595,-0.4277154,-0.4563769,-0.144015,2.546873,0.8133684,1.5108,0.3557794,-0.01069222,0.1444494,-0.1801551,-1.559438,0.2548441,0.04627242,0.9447752,1.441492,0.2453766,0.2971569,1.453061,0.1774509,301.569,186.1108,50.90822,True
3,2.444445,0.4515791,-0.7955828,-0.3700068,-0.9511922,-4.452682,-1.538651,0.6096306,1.515179,0.3658724,-0.2318436,-0.4531906,0.3094319,0.07480978,-0.1694105,-0.4608579,-0.1559145,2.551586,0.8145672,1.511171,0.3554339,0.01626465,-0.04724485,-0.1533511,-1.560754,0.2477768,0.0453009,0.9447922,1.441786,0.2449267,0.2959431,1.454861,0.1815205,301.9387,185.5988,52.29671,True
3,2.455556,0.3820668,-0.7764012,-0.470122,-0.9439772,-4.462876,-1.534642,0.6104055,1.516911,0.3667414,-0.2369878,-0.4628342,0.3197457,0.06087306,0.1617737,-0.4714535,-0.1717849,2.561763,0.816137,1.511556,0.3550653,0.01436238,-0.1260308,-0.1307979,-1.561647,0.2437855,0.04523965,0.9452858,1.441813,0.2445273,0.2947361,1.457826,0.1866443,302.4417,185.019,53.94092,True
3,2.466667,0.3211793,-0.7449812,-0.5118002,-0.937389,-4.471348,-1.531393,0.6111305,1.518241,0.3675714,-0.24277,-0.5212697,0.2532938,0.04964179,0.3636661,-0.47985,-0.1840905,2.572402,0.8172275,1.511768,0.3548436,-0.01836111,-0.2165442,-0.09943643,-1.561914,0.2386138,0.04677976,0.9455296,1.441962,0.2442958,0.2936899,1.461886,0.1925575,302.8524,184.6341,55.66772,True
3,2.477778,0.1941187,-0.6829696,-0.5642992,-0.9324313,-4.481784,-1.522948,0.6118944,1.520546,0.3683193,-0.2458337,-0.272404,0.1883851,-0.06518686,0.6386918,-0.4968617,-0.1945433,2.58186,0.8185242,1.512194,0.3545887,-0.02130626,-0.2495209,-0.0716375,-1.561866,0.2347623,0.04708469,0.945811,1.442033,0.2438955,0.2928497,1.466604,0.1985918,302.8158,184.2831,57.72384,True
3,2.488889,0.1076516,-0.6515924,-0.5995816,-0.9263358,-4.491807,-1.515262,0.6128372,1.521898,0.3684723,-0.2504431,-0.4159696,0.2007311,-0.0931623,0.7173125,-0.505926,-0.2016428,2.585382,0.8190768,1.512702,0.3545616,-0.007629551,-0.2516862,-0.09304725,-1.563761,0.2321226,0.04662955,0.9460646,1.442031,0.2437513,0.2918822,1.471644,0.2039951,302.6068,183.9612,59.7377,True
3,2.5,-0.01084092,-0.5979815,-0.6403056,-0.922298,-4.503052,-1.503989,0.6137308,1.524159,0.3689272,-0.2512112,-0.06377306,0.2228842,-0.0685913,0.6884404,-0.5111426,-0.2089611,2.58848,0.8195344,1.513308,0.3544459,-0.003815427,-0.248606,-0.1474193,-1.567532,0.2296482,0.04652382,0.9462131,1.442064,0.2435157,0.2909723,1.476629,0.208352,302.4543,183.4818,61.59407,True
3,2.511111,-0.1123354,-0.5119884,-0.6355067,-0.9200976,-4.511694,-1.494162,0.614718,1.525862,0.3691709,-0.2557178,-0.408911,0.2009373,-0.06191421,0.6130008,-0.5146447,-0.212222,2.589744,0.819898,1.513811,0.3544562,-0.02001272,-0.2539953,-0.1739129,-1.570552,0.2268273,0.04736831,0.9463114,1.442181,0.2434213,0.290255,1.48159,0.2114245,302.4818,183.2119,62.8339,True
3,2.522222,-0.2021633,-0.3839809,-0.5756638,-0.9204311,-4.517337,-1.485617,0.6157336,1.527589,0.3693178,-0.2568326,-0.09626462,0.1379147,-0.07305452,0.4728824,-0.5155507,-0.2103298,2.588886,0.8201108,1.514333,0.3544917,-0.0400098,-0.2401025,-0.142874,4.712184,0.2244679,0.04853105,0.9461291,1.442559,0.2432063,0.2899787,1.486436,0.2132132,302.6177,182.5359,64.06765,True
3,2.533333,-0.2867422,-0.2238309,-0.4936894,-0.9237419,-4.520438,-1.477646,0.6163263,1.529124,0.3693359,-0.2596475,-0.2550046,0.09034252,-0.08017422,0.392301,-0.5176455,-0.2097491,2.588818,0.8204013,1.514778,0.3545618,-0.04694898,-0.197354,-0.07685731,-1.569774,0.2235688,0.04931429,0.9461393,1.442727,0.2431519,0.2901913,1.491348,0.213894,302.7643,181.8358,64.85918,True
3,2.544444,-0.3744972,-0.06901118,-0.4106183,-0.9279028,-4.522642,-1.469472,0.6170565,1.530642,0.3692551,-0.2616039,-0.1754805,0.05071542,-0.1088408,0.3722854,-0.5220179,-0.2093864,2.588929,0.8210652,1.515247,0.3545818,-0.03907759,-0.168469,-0.02477318,-1.568318,0.2226011,0.04938619,0.9460865,1.44279,0.2430785,0.2909939,1.496314,0.2136526,302.7047,180.8265,65.78103,True
3,2.555555,-0.4280038,0.0227928,-0.3633137,-0.9316366,-4.52514,-1.461417,0.6176295,1.532008,0.369137,-0.2622505,-0.05709346,0.02615461,-0.1823305,0.3786333,-0.528082,-0.2064881,2.586937,0.8215442,1.515567,0.3546262,-0.02594501,-0.1225565,0.02083061,-1.56642,0.2227967,0.04923732,0.9460397,1.442856,0.243093,0.2922727,1.501218,0.2125707,302.4286,179.5845,66.85269,True
3,2.566666,-0.4954054,0.13385,-0.300161,-0.9368085,-4.526085,-1.453161,0.6182323,1.533483,0.3689303,-0.2622798,-0.002263627,0.01014885,-0.2196162,0.3829018,-0.5338381,-0.2047163,2.585763,0.8219783,1.515862,0.3547204,-0.01866757,-0.09063697,0.001533692,-1.56716,0.2227472,0.04925863,0.9460384,1.442964,0.2430918,0.2937343,1.505927,0.2106815,302.0185,178.2236,67.93064,True
3,2.577777,-0.5360857,0.2151046,-0.2453382,-0.9417923,-4.526651,-1.445659,0.6187569,1.5349,0.3684499,-0.2625749,-0.02751571,-0.02159545,-0.2303124,0.4097717,-0.5399367,-0.2056425,2.58785,0.8222678,1.516155,0.3546827,-0.01154917,-0.0896635,-0.04007215,-1.569017,0.2217341,0.04910629,0.9459993,1.442978,0.2430229,0.2953112,1.51034,0.208191,301.6763,176.7873,68.9022,True
3,2.588888,-0.559638,0.2686358,-0.200976,-0.9466898,-4.526781,-1.438633,0.6192198,1.536158,0.3679135,-0.2607853,0.1628201,-0.05675074,-0.2195925,0.4069304,-0.5448551,-0.2070987,2.590841,0.8226433,1.516566,0.3545458,-0.005233087,-0.1088537,-0.04967038,-1.569911,0.2199297,0.04906129,0.9461049,1.443038,0.242877,0.2968546,1.514403,0.2054236,301.4464,175.3111,69.72631,True
3,2.599999,-0.5735763,0.3169196,-0.1502016,-0.9515342,-4.526231,-1.432227,0.6197828,1.537609,0.3672552,-0.2597722,0.08965691,-0.1112432,-0.1746785,0.3809268,-0.5478996,-0.2095057,2.596111,0.8228853,1.516811,0.3544407,0.01720741,-0.1546382,-0.04443257,-1.570335,0.2166587,0.04809509,0.9461856,1.442959,0.2427838,0.298301,1.518161,0.2026364,301.192,174.1839,70.21515,True
3,2.61111,-0.5672154,0.3460597,-0.1046284,-0.9562852,-4.525008,-1.426836,0.6204264,1.538915,0.3665574,-0.2579468,0.1643189,-0.1113386,-0.1383893,0.3629435,-0.5509404,-0.2126016,2.59985,0.8233622,1.517073,0.3541653,0.02263409,-0.1705912,-0.03378949,-1.570429,0.2142438,0.04761226,0.9462122,1.443046,0.2429221,0.2995741,1.521627,0.2,300.9374,173.2463,70.64823,True
3,2.622221,-0.5597679,0.3579966,-0.08023059,-0.9607061,-4.524518,-1.421119,0.6210713,1.540473,0.3665192,-0.2554637,0.2233242,-0.1245516,-0.1520543,0.3161356,-0.5537239,-0.2110718,2.600364,0.8240213,1.517111,0.3540983,0.005798503,-0.1567,-0.007035627,-1.569497,0.2129208,0.0482421,0.9461215,1.4429,0.2429161,0.3006824,1.524771,0.1976546,300.6835,172.5054,71.02866,True
3,2.633332,-0.5608595,0.3730391,-0.06330064,-0.9653485,-4.523799,-1.41525,0.6217482,1.541729,0.3659337,-0.2528384,0.2355574,-0.1471766,-0.252103,0.3042825,-0.5596644,-0.2042692,2.596965,0.8248417,1.517194,0.3538458,0.009960247,-0.1364799,-0.01776671,-1.570065,0.2120722,0.04799362,0.9463122,1.442646,0.2428412,0.3017052,1.527594,0.19566,300.4219,172.0667,71.25635,True
3,2.644443,-0.5587098,0.3666408,-0.06539072,-0.9692798,-4.524198,-1.408832,0.6223816,1.543076,0.3654077,-0.2492527,0.3229774,-0.1469058,-0.3065805,0.3456385,-0.5671095,-0.2008528,2.595725,0.8254517,1.517386,0.3537498,0.01500393,-0.1312226,-0.05083641,4.711461,0.2107853,0.04774835,0.9463723,1.442502,0.2428205,0.3027275,1.530069,0.1940567,300.1878,171.785,71.35428,True
3,2.655554,-0.5543416,0.3303513,-0.07682714,-0.9719899,-4.52517,-1.402244,0.6230201,1.544632,0.3650279,-0.24485,0.3967101,-0.1411324,-0.3387269,0.401957,-0.5753493,-0.1999855,2.596315,0.8261553,1.51772,0.3535972,0.0166469,-0.1217599,-0.1094637,4.708116,0.209917,0.04747218,0.9465655,1.442179,0.2427919,0.303705,1.532277,0.1929234,299.9764,171.6808,71.25728,True
3,2.666665,-0.5489172,0.2972636,-0.08723108,-0.9743718,-4.526276,-1.395713,0.6236683,1.546146,0.3645556,-0.2404877,0.3923241,-0.1292108,-0.324948,0.4221601,-0.5813686,-0.2009583,2.598125,0.8266231,1.518005,0.3534491,0.006873615,-0.09411232,-0.1286111,4.706254,0.2098305,0.04792545,0.9467957,1.441701,0.2428808,0.3044835,1.534321,0.1921225,299.7342,171.8258,71.10033,True
3,2.677776,-0.5360014,0.2459838,-0.1134445,-0.9760768,-4.528111,-1.389146,0.6243746,1.547619,0.3641562,-0.2359918,0.4044208,-0.1378208,-0.2982512,0.4074122,-0.5859833,-0.2010322,2.599965,0.8270417,1.518232,0.3531735,-0.005001225,-0.06539275,-0.1456209,4.704104,0.2101831,0.04835901,0.9469471,1.441383,0.2428653,0.3050233,1.536315,0.1915769,299.5689,172.1206,70.86367,True
3,2.688887,-0.5359003,0.1998876,-0.1503727,-0.9772043,-4.531417,-1.381339,0.6249968,1.549254,0.3638878,-0.2312801,0.423976,-0.1720693,-0.2778659,0.3843576,-0.5902113,-0.2007876,2.602755,0.8273479,1.518526,0.3529422,-0.02736747,-0.03558064,-0.1487062,4.702314,0.2108196,0.04864397,0.9471279,1.441406,0.2433779,0.3053874,1.538368,0.1912651,299.4836,172.4555,70.61533,True
3,2.699998,-0.5454038,0.1515197,-0.201125,-0.9780427,-4.535995,-1.372375,0.625585,1.550959,0.3638086,-0.2266222,0.418801,-0.1975384,-0.2608157,0.3931609,-0.5954301,-0.2012676,2.606229,0.8276601,1.518868,0.3525991,-0.03158672,-0.02811946,-0.1433603,4.700959,0.2107033,0.04908792,0.9471353,1.441244,0.2434411,0.3056644,1.540533,0.1911407,299.3987,172.7182,70.50333,True
3,2.711109,-0.5602113,0.09347229,-0.2613765,-0.9782627,-4.541817,-1.362341,0.6260953,1.552685,0.3638229,-0.2210418,0.5030907,-0.1800814,-0.2396643,0.4357064,-0.6018153,-0.2042185,2.610063,0.8279021,1.519263,0.3523257,-0.03985868,0.003910868,-0.1103372,4.700881,0.211825,0.04986423,0.9471978,1.441127,0.2432086,0.3059146,1.542815,0.1911941,299.3364,172.8205,70.5497,True
3,2.72222,-0.5665185,0.05270378,-0.295146,-0.9784694,-4.547155,-1.352781,0.6267542,1.554445,0.3638585,-0.2152202,0.5242906,-0.1563167,-0.2099888,0.4686296,-0.6080114,-0.2076194,2.613796,0.8282448,1.519587,0.351959,-0.06308597,0.06148025,-0.08043852,4.701066,0.2142701,0.05139128,0.9472286,1.440942,0.2431977,0.3060652,1.545287,0.1914481,299.3305,172.8582,70.59667,True
3,2.733331,-0.5727828,-0.003195703,-0.3468773,-0.9769045,-4.55337,-1.342814,0.627467,1.556402,0.3634956,-0.2093894,0.5249939,-0.1283032,-0.1589693,0.4951991,-0.6134629,-0.2134096,2.618965,0.8283979,1.519965,0.3516862,-0.07578345,0.109441,-0.06658821,4.70094,0.2170845,0.05270076,0.9471759,1.440794,0.2432711,0.30607,1.548049,0.1919773,299.3638,172.8395,70.67167,True
3,2.744442,-0.5812097,-0.05478904,-0.4018677,-0.9761274,-4.561348,-1.331656,0.6281856,1.558298,0.3636651,-0.2040567,0.4793569,-0.1250735,-0.1547097,0.4983844,-0.6189809,-0.2157954,2.622327,0.8286219,1.520322,0.3513975,-0.07373405,0.1200711,-0.07514426,4.699912,0.2185441,0.05347468,0.9472165,1.440632,0.2432621,0.3059398,1.551165,0.1928476,299.3943,172.7666,70.88924,True
3,2.755553,-0.5917539,-0.1041838,-0.4472698,-0.975174,-4.569276,-1.320472,0.6288593,1.560278,0.3638439,-0.198544,0.4961856,-0.1206803,-0.1590312,0.5143118,-0.6253464,-0.2182145,2.625442,0.8286844,1.520758,0.3510764,-0.0749813,0.1317428,-0.09646592,4.69822,0.2204749,0.05435352,0.9471205,1.440562,0.2434132,0.3058006,1.554596,0.1940311,299.3755,172.6697,71.34881,True
3,2.766664,-0.5916128,-0.1642117,-0.4947419,-0.9733689,-4.578442,-1.308808,0.6294787,1.562442,0.3640039,-0.1925982,0.5354164,-0.1066665,-0.140992,0.5302389,-0.631468,-0.2222653,2.629474,0.8287823,1.521129,0.3507969,-0.1004914,0.1498531,-0.08777123,4.697701,0.222655,0.05638338,0.9470025,1.440479,0.2436442,0.3056521,1.558266,0.1954042,299.423,172.4891,72.02409,True
3,2.777775,-0.5958056,-0.195326,-0.5211269,-0.9720272,-4.587222,-1.297098,0.6300895,1.564632,0.3641391,-0.1866647,0.5339602,-0.1056255,-0.1740146,0.5333275,-0.6382633,-0.2231457,2.631413,0.8288879,1.521605,0.3503578,-0.1142251,0.1669163,-0.07278015,4.697549,0.2249958,0.05808488,0.9468243,1.440438,0.2437863,0.3055176,1.562129,0.1970128,299.4828,172.1754,72.73456,True
3,2.788886,-0.6021607,-0.216808,-0.5422478,-0.9711169,-4.595754,-1.28545,0.6306961,1.56674,0.3643119,-0.180916,0.5170652,-0.1131855,-0.2240615,0.5300283,-0.6452802,-0.2217277,2.631757,0.8289535,1.522091,0.350039,-0.1248261,0.1679915,-0.06630528,4.697108,0.226888,0.0597885,0.9466506,1.440298,0.2439718,0.3053213,1.566162,0.1988429,299.5297,171.8412,73.44788,True
3,2.799997,-0.6159502,-0.2534995,-0.5962825,-0.9697224,-4.606836,-1.272074,0.6311453,1.569175,0.3646331,-0.1746181,0.5672237,-0.1366044,-0.2474823,0.5376084,-0.6523392,-0.2218638,2.634315,0.8290058,1.522444,0.3496683,-0.1248916,0.1668979,-0.07482351,4.696106,0.2286024,0.06114831,0.9464525,1.440295,0.2441697,0.3049858,1.570336,0.2008768,299.6096,171.5428,74.18256,True
3,2.811108,-0.6340004,-0.2923008,-0.6460247,-0.9680932,-4.618559,-1.257845,0.6315556,1.571822,0.3648951,-0.1683533,0.5637709,-0.1643626,-0.2698016,0.5345778,-0.6592277,-0.2211064,2.636549,0.8287358,1.523106,0.3492746,-0.1409921,0.1764509,-0.08855966,4.694779,0.2309991,0.06329907,0.9461668,1.440359,0.2445946,0.304563,1.574587,0.2030597,299.643,171.3324,74.9352,True
3,2.822219,-0.6360596,-0.3234293,-0.6745534,-0.9663248,-4.629934,-1.24429,0.632081,1.574448,0.3651397,-0.1618004,0.5901743,-0.1631482,-0.2517284,0.5484872,-0.6659719,-0.2234074,2.640062,0.8285815,1.523683,0.348896,-0.1568788,0.2329354,-0.07256331,4.69492,0.2353993,0.0656629,0.9457967,1.440615,0.2449353,0.3040751,1.578856,0.2053134,299.6693,171.174,75.64532,True
3,2.83333,-0.632781,-0.3663764,-0.718968,-0.964132,-4.643084,-1.229844,0.6325172,1.577274,0.3654256,-0.1549544,0.6165811,-0.1556454,-0.2027252,0.5453905,-0.6715336,-0.2271889,2.644507,0.828181,1.524347,0.3484762,-0.1566129,0.3033262,-0.03543205,4.696066,0.2409974,0.06747358,0.945419,1.440752,0.2452691,0.3033949,1.583239,0.2076525,299.801,171.1387,76.12248,True
3,2.844441,-0.6285387,-0.3751596,-0.7540745,-0.9632425,-4.655769,-1.215812,0.6330178,1.580011,0.3658237,-0.1489852,0.536135,-0.1654295,-0.1919641,0.5210119,-0.6766576,-0.2285433,2.647773,0.8278358,1.525017,0.3480866,-0.1596452,0.3342775,-0.01309367,4.697018,0.2456301,0.06941956,0.94494,1.440945,0.2456064,0.302584,1.587849,0.2101316,299.97,171.2238,76.4875,True
3,2.855552,-0.6338848,-0.3872189,-0.7955208,-0.9624515,-4.669388,-1.2008,0.6332604,1.58294,0.3662271,-0.1426778,0.5678421,-0.1912008,-0.2238246,0.5030181,-0.6826928,-0.2272469,2.649765,0.827361,1.525783,0.3476892,-0.1828927,0.357754,0.01154983,4.698334,0.2503375,0.07227899,0.9445417,1.441161,0.2459962,0.3017921,1.592684,0.2127777,300.1307,171.2228,77.01544,True
3,2.866663,-0.6402519,-0.404527,-0.8262854,-0.961513,-4.683263,-1.185495,0.633633,1.585749,0.3666906,-0.1362489,0.578313,-0.2093223,-0.2472419,0.5052211,-0.6894439,-0.2263799,2.651992,0.8268348,1.526538,0.3472784,-0.203113,0.38226,0.01592746,4.69898,0.2553211,0.07531366,0.9440211,1.441409,0.2464497,0.3010067,1.59776,0.2156212,300.2937,171.1084,77.68396,True
3,2.877774,-0.6412535,-0.4443427,-0.8771104,-0.9600642,-4.699151,-1.169249,0.6339021,1.588752,0.3670843,-0.1291463,0.6400813,-0.2113643,-0.2621956,0.5179728,-0.6965439,-0.2260717,2.654183,0.8261616,1.527386,0.3468242,-0.1968966,0.4003206,-0.004405297,4.698613,0.2602216,0.07727881,0.9435216,1.441646,0.2468646,0.3002437,1.603052,0.2186819,300.3754,170.9063,78.46274,True
3,2.888885,-0.6273947,-0.4573268,-0.9090036,-0.9594102,1.56886,-1.154117,0.634421,1.591566,0.3675301,-0.1222316,0.6221879,-0.1898668,-0.2185927,0.5328574,-0.7027283,-0.2298793,2.658433,0.8255477,1.52817,0.3462739,-0.1937075,0.4248366,-0.002345204,4.69919,0.2657853,0.07946766,0.9429296,1.442119,0.24721,0.2993774,1.608575,0.221934,300.4425,170.6971,79.2904,True
3,2.899997,-0.6146368,-0.4509073,-0.9112025,-0.9592174,1.555044,-1.139772,0.6347123,1.594353,0.3679032,-0.1156978,0.5877296,-0.1813562,-0.1567633,0.5212758,-0.7072658,-0.2344867,2.66379,0.8248276,1.528898,0.3458462,-0.1999857,0.4291177,0.01154275,4.700151,0.2705304,0.08194733,0.9423944,1.44243,0.2476037,0.2984854,1.614275,0.2253835,300.5477,170.479,80.18966,True
3,2.911108,-0.5977076,-0.4070204,-0.8924084,-0.9604967,1.543039,-1.126857,0.634869,1.596863,0.3683705,-0.1096567,0.5426124,-0.1911786,-0.1470662,0.492629,-0.7118518,-0.2359443,2.667349,0.8240246,1.529785,0.3453445,-0.2221047,0.4302429,0.04261232,4.702028,0.2752779,0.08526456,0.9418377,1.442804,0.2481015,0.2975668,1.620145,0.2290484,300.6994,170.2713,81.12253,True
3,2.922219,-0.5903565,-0.3706445,-0.8767183,-0.9619141,1.531316,-1.11378,0.6350648,1.5995,0.3687572,-0.1029274,0.6060203,-0.1911578,-0.1428213,0.4969028,-0.7177752,-0.237528,2.670941,0.8233181,1.530584,0.345129,-0.2334045,0.4388734,0.09381695,4.705054,0.2802646,0.08825396,0.9411829,1.443277,0.2485147,0.2967972,1.626049,0.2329352,300.7651,169.9906,82.21329,True
3,2.93333,-0.5670511,-0.3191697,-0.844132,-0.9639727,1.520893,-1.102216,0.6351314,1.602098,0.3691027,-0.09647514,0.5801359,-0.171984,-0.1247288,0.4936004,-0.7230467,-0.2401403,2.674251,0.8224953,1.531549,0.3447471,-0.2224979,0.4410778,0.1246167,4.707913,0.2850903,0.09041991,0.9405799,1.443659,0.2488973,0.2960827,1.631848,0.2368782,300.7056,169.6627,83.45471,True
3,2.944441,-0.5500985,-0.2772758,-0.8071951,-0.966034,1.511527,-1.091323,0.6349349,1.604546,0.3692949,-0.0893922,0.6382416,-0.1572784,-0.1054819,0.4679676,-0.7271085,-0.2425586,2.677504,0.8216424,1.532495,0.3442109,-0.2299832,0.441048,0.1193421,4.709236,0.2896537,0.09304366,0.939939,1.444076,0.2494187,0.2954004,1.637351,0.2406929,300.5453,169.3391,84.7008,True
3,2.955552,-0.5405722,-0.252609,-0.790355,-0.9681352,1.501543,-1.079953,0.6347703,1.606956,0.3694601,-0.08338677,0.5391694,-0.1561295,-0.1573388,0.3633826,-0.7290633,-0.2380982,2.675786,0.820675,1.53341,0.343847,-0.2474362,0.4313404,0.06943684,4.708746,0.2942148,0.09646475,0.9393389,1.444456,0.2497838,0.2947192,1.642481,0.244212,300.3913,169.2495,85.63271,True
3,2.966663,-0.5289005,-0.2235516,-0.7575811,-0.9702423,1.49256,-1.06933,0.6345844,1.60916,0.369669,-0.07686149,0.5876603,-0.1835628,-0.2060143,0.2782294,-0.7309701,-0.2328289,2.67481,0.8195342,1.534258,0.3433771,-0.2404411,0.3960473,0.006594799,4.70691,0.2975294,0.09842458,0.9385395,1.445122,0.250452,0.2939731,1.647212,0.2473136,300.2539,169.2348,86.35957,True
3,2.977774,-0.5108582,-0.1847752,-0.7110333,-0.9726562,1.485531,-1.060352,0.6341952,1.611136,0.3696263,-0.07014287,0.6050073,-0.1920426,-0.1900296,0.2804866,-0.7344817,-0.2328992,2.677299,0.8184892,1.535053,0.3430514,-0.2393563,0.3928566,0.008723542,4.707467,0.3017242,0.1010438,0.9378459,1.445632,0.2509377,0.2930875,1.651524,0.2499236,300.1471,169.2467,86.91716,True
3,2.988885,-0.4864382,-0.1287342,-0.6390719,-0.9753284,1.480502,-1.052935,0.6337488,1.61309,0.3695557,-0.06382212,0.5684481,-0.1971325,-0.129334,0.2967278,-0.7380275,-0.2373907,2.682932,0.8174969,1.535761,0.3425856,-0.2278857,0.42715,0.1044163,-1.57062,0.3071075,0.1026201,0.9370226,1.446412,0.251569,0.2921516,1.655448,0.2521067,300.1059,169.3228,87.22865,True
3,2.999996,-0.459982,-0.0525319,-0.5779178,-0.9792145,1.476658,-1.04648,0.633146,1.614763,0.3694515,-0.05802495,0.5210451,-0.2177842,-0.1419429,0.2521192,-0.7401127,-0.2354048,2.68463,0.8163873,1.536583,0.342216,-0.2080665,0.4742071,0.1851122,-1.565043,0.3134708,0.104181,0.9362073,1.447001,0.2521055,0.2912551,1.659014,0.2539462,300.0595,169.3756,87.46961,True
3,3.011107,-0.4505175,-0.002141833,-0.5410357,-0.9831166,1.472619,-1.039511,0.6324584,1.616425,0.3693447,-0.05227785,0.5169833,-0.2782828,-0.1639097,0.1588243,-0.7398624,-0.2308789,2.686532,0.8152834,1.537296,0.3418391,-0.2240722,0.4848672,0.1884329,-1.562153,0.3192014,0.1077422,0.9354311,1.447743,0.2522612,0.2903754,1.66222,0.2554271,299.9397,169.385,87.75903,True
3,3.022218,-0.4367579,0.04735051,-0.4839137,-0.986699,1.470202,-1.033688,0.6316499,1.61791,0.3691714,-0.0464924,0.5206762,-0.3157859,-0.1744257,0.1356769,-0.7415913,-0.2284579,2.689536,0.8141704,1.538049,0.3416848,-0.2433321,0.4784617,0.1822298,-1.559724,0.3242503,0.1115111,0.9347843,1.448091,0.2524605,0.2895095,1.665036,0.2565193,299.7589,169.3819,88.02606,True
3,3.033329,-0.4059374,0.09483455,-0.4193406,-0.990314,1.46935,-1.029767,0.6306329,1.619048,0.3689222,-0.04012958,0.5734444,-0.3254679,-0.1946279,0.128237,-0.7439455,-0.2254478,2.691302,0.8129832,1.538707,0.3413944,-0.2359398,0.4688598,0.173667,-1.55754,0.328949,0.11386,0.9340667,1.448562,0.2528739,0.2885851,1.66747,0.2572374,299.5465,169.3725,88.17456,True
3,3.04444,-0.3847098,0.1356488,-0.3760097,-0.9932706,1.46831,-1.025498,0.6297495,1.620571,0.3691931,-0.03467915,0.4898206,-0.3270029,-0.210427,0.07599413,-0.7443498,-0.2212614,2.691693,0.8117323,1.539387,0.3410273,-0.2011407,0.4293719,0.1308459,-1.557235,0.3322971,0.1151087,0.9334674,1.448713,0.2533276,0.2875594,1.669627,0.2576641,299.3692,169.478,88.08489,True
3,3.055551,-0.3496112,0.1811045,-0.3007739,-0.9966789,1.470065,-1.023973,0.6284752,1.621325,0.3688788,-0.03080691,0.3472507,-0.3271561,-0.1890512,0.05475876,-0.7448127,-0.2193891,2.693889,0.8104699,1.540016,0.3407345,-0.1800542,0.398428,0.1019754,-1.556828,0.3354869,0.116235,0.932768,1.44917,0.2537889,0.2864732,1.671563,0.2578345,299.1964,169.5624,88.01357,True
3,3.066662,-0.3198226,0.2136373,-0.2339292,-0.9990114,1.472113,-1.022275,0.6271929,1.621811,0.3684382,-0.0263637,0.4009067,-0.3383169,-0.1387414,-0.01315662,-0.7425053,-0.2184173,2.69714,0.8091195,1.540531,0.3405492,-0.1862419,0.4134013,0.1297011,-1.55362,0.3403356,0.1187088,0.9319966,1.44974,0.2543852,0.2853685,1.673249,0.2577778,299.0424,169.5187,88.00574,True
3,3.077773,-0.298592,0.2567496,-0.1799612,-1.002754,1.474554,-1.021073,0.6256233,1.622244,0.3680851,-0.02378363,0.2305945,-0.3700293,-0.1128084,-0.1118698,-0.7387673,-0.2149351,2.699668,0.8075912,1.541157,0.3403444,-0.1871294,0.425168,0.1520546,-1.550568,0.3451093,0.1207006,0.931244,1.450248,0.2548742,0.2842928,1.674745,0.2575917,298.9012,169.4901,87.9251,True
3,3.088884,-0.2763295,0.2976536,-0.1291384,-1.005744,1.478257,-1.020345,0.6242312,1.622461,0.3676476,-0.0202821,0.3162376,-0.3770293,-0.1051093,-0.1831619,-0.7351614,-0.2109225,2.701092,0.8060762,1.54182,0.3401415,-0.1763421,0.4476315,0.1679138,-1.547292,0.351176,0.1219323,0.9305532,1.451223,0.2554939,0.2831766,1.675942,0.2571832,298.6769,169.1949,88.26888,True
3,3.099995,-0.2518787,0.3300556,-0.0846789,-1.009573,1.481624,-1.020175,0.6225268,1.622748,0.3673162,-0.01765196,0.2363124,-0.3666469,-0.1114213,-0.2131024,-0.7329201,-0.2068143,2.701764,0.8046268,1.542413,0.339906,-0.1621922,0.4871691,0.2081702,-1.542992,0.3578176,0.1232388,0.9297591,1.451825,0.2560389,0.2819784,1.676724,0.2564526,298.4633,168.9148,88.61842,True
3,3.111106,-0.2316578,0.3506719,-0.04545662,-1.012941,1.485008,-1.02006,0.6211096,1.623293,0.3667107,-0.01499999,0.2390958,-0.3516309,-0.1029529,-0.2036139,-0.7315794,-0.20459,2.703347,0.8031121,1.543041,0.3398683,-0.1513378,0.5213827,0.2399967,-1.537997,0.364866,0.1248053,0.9289272,1.452114,0.2562664,0.2806407,1.677115,0.2553813,298.2367,168.7824,88.66492,True
3,3.122217,-0.1954734,0.382132,0.01069582,-1.016362,1.490121,-1.021836,0.6194198,1.623341,0.3663037,-0.01357094,0.1274779,-0.335573,-0.07741739,-0.2004616,-0.7298383,-0.2036575,2.70565,0.8015164,1.543555,0.3397412,-0.1480267,0.5501763,0.2473441,-1.534351,0.3714747,0.1255092,0.927717,1.453062,0.2575223,0.2792865,1.677134,0.2539824,298.0298,168.8404,88.38844,True
3,3.133328,-0.1550344,0.4103099,0.05302584,-1.020061,1.49539,-1.02427,0.6176957,1.623276,0.3657899,-0.01181378,0.1583883,-0.3394245,-0.08888564,-0.2750323,-0.7253284,-0.1987235,2.705758,0.7999296,1.543823,0.3397043,-0.1417945,0.5501369,0.2281164,-1.531709,0.3773299,0.1266565,0.9268969,1.453602,0.2581193,0.2778209,1.676959,0.252336,297.8405,169.0685,87.79272,True
3,3.144439,-0.1411886,0.4168991,0.0721198,-1.023373,1.499446,-1.025217,0.6159709,1.623314,0.3655772,-0.0111203,0.06159789,-0.3237175,-0.06961232,-0.3113079,-0.721225,-0.1960385,2.706646,0.7982808,1.544227,0.3397255,-0.1463882,0.5180765,0.1813297,-1.531039,0.3817796,0.1279202,0.9260491,1.454056,0.2587578,0.2763951,1.67672,0.2505456,297.6744,169.3699,87.10829,True
3,3.15555,-0.120907,0.4106825,0.08492485,-1.026388,1.503574,-1.026752,0.6142274,1.623079,0.3651311,-0.01027341,0.07596762,-0.3247187,-0.05471596,-0.3059261,-0.7184426,-0.1938641,2.70872,0.7966434,1.544536,0.3396063,-0.1518268,0.4977993,0.1665055,-1.529115,0.3864392,0.1296339,0.9252151,1.454587,0.2593772,0.2750227,1.676387,0.2486803,297.487,169.278,86.84583,True
3,3.166661,-0.09633017,0.3862036,0.07654691,-1.029021,1.505869,-1.027684,0.6124973,1.622851,0.3649077,-0.008105065,0.1963307,-0.3398989,-0.074821,-0.3313889,-0.7152569,-0.1898239,2.71012,0.7951384,1.544703,0.3390632,-0.1356382,0.4978474,0.1898105,-1.525461,0.3914136,0.1302006,0.9241636,1.455213,0.2598169,0.273646,1.675913,0.2468096,297.295,169.0007,86.74197,True
3,3.177772,-0.07915931,0.3510649,0.07040517,-1.031084,1.50805,-1.028577,0.6107179,1.6228,0.3646257,-0.007375891,0.06432232,-0.3530065,-0.1098655,-0.3622794,-0.7117159,-0.1830154,2.709435,0.7935017,1.545023,0.3389115,-0.1195412,0.4925607,0.2035379,-1.522056,0.3963049,0.1307333,0.9232665,1.455744,0.2603855,0.2722164,1.67536,0.2450702,297.1481,168.8662,86.45895,True
3,3.188883,-0.06517697,0.3073096,0.05475913,-1.032513,1.509487,-1.029049,0.6088564,1.622883,0.3645387,-0.006750581,0.05605647,-0.3349732,-0.08641621,-0.3740757,-0.7077968,-0.1799782,2.710315,0.7917877,1.545366,0.3387873,-0.1002477,0.4904684,0.2161713,-1.518652,0.4012123,0.1307617,0.9222494,1.45634,0.2608378,0.2707286,1.67476,0.2435492,297.0376,168.7824,86.18102,True
3,3.199994,-0.05229688,0.2752394,0.03475147,-1.034372,1.51041,-1.02939,0.6070755,1.622927,0.3643076,-0.005878129,0.07864627,-0.3148271,-0.06296328,-0.3880303,-0.7034341,-0.1771881,2.711097,0.7900095,1.545862,0.3386879,-0.09245932,0.5235751,0.2575887,-1.513511,0.4073519,0.1311021,0.9212431,1.456892,0.2614448,0.2691322,1.674183,0.2423882,296.9696,168.7819,85.84531,True
3,3.211105,-0.02243619,0.2613904,0.02096586,-1.036569,1.511613,-1.030694,0.6052853,1.622784,0.3641136,-0.005018993,0.07739851,-0.319255,-0.07892036,-0.4009268,-0.6991442,-0.1694497,2.709317,0.7886668,1.546422,0.3384342,-0.09134476,0.5523678,0.2649668,-1.509449,0.4141299,0.1317016,0.9202465,1.457434,0.2620409,0.2673749,1.673721,0.2416439,296.9064,168.9442,85.4489,True
3,3.222216,0.004218295,0.2507033,0.005023353,-1.038784,1.512426,-1.032079,0.6035922,1.622814,0.3640177,-0.004434163,0.05254831,-0.3330961,-0.0970394,-0.3955802,-0.695843,-0.1632455,2.708941,0.7871478,1.546758,0.3382177,-0.09676795,0.5576579,0.2532845,-1.506311,0.4199523,0.1325839,0.9193146,1.457948,0.2626553,0.2654659,1.673444,0.2413346,296.8327,169.217,85.07826,True
3,3.233327,0.02771975,0.2294083,-0.004431576,-1.040479,1.51311,-1.033476,0.6019112,1.622748,0.3639498,-0.004629639,-0.01851538,-0.323883,-0.04934949,-0.3241248,-0.6943282,-0.1638835,2.712678,0.7856699,1.547033,0.338011,-0.1075346,0.5533674,0.2395303,-1.503506,0.4255533,0.1338268,0.9185107,1.458438,0.2632375,0.263517,1.673366,0.2414082,296.6894,169.4823,84.88882,True
3,3.244438,0.0555084,0.1941141,-0.03296678,-1.041694,1.512152,-1.034392,0.6001596,1.622772,0.3641586,-0.004419782,0.01891048,-0.3096602,-0.02180624,-0.2847561,-0.6921305,-0.1635113,2.715467,0.7840161,1.547173,0.337862,-0.1022898,0.538419,0.2278044,-1.500638,0.4305281,0.1343088,0.9175621,1.458929,0.2638004,0.2616229,1.673397,0.2417763,296.4891,169.5904,84.9569,True
3,3.255549,0.06517839,0.1673712,-0.05088183,-1.043029,1.511455,-1.035162,0.5985619,1.622816,0.3641667,-0.004047472,0.03344683,-0.2968387,-0.02077359,-0.2806025,-0.6894913,-0.1612874,2.716642,0.7825015,1.547436,0.3376811,-0.09167767,0.5160391,0.221374,-1.497742,0.4351724,0.1346268,0.9166635,1.459342,0.2643468,0.2598107,1.673467,0.2423476,296.2889,169.6506,85.09945,True
3,3.26666,0.09306855,0.1000127,-0.09513234,-1.043435,1.508334,-1.035421,0.5969992,1.622825,0.3643124,-0.004060255,-0.001124101,-0.2732149,-0.00278616,-0.2594473,-0.6871957,-0.1600725,2.718306,0.7809508,1.547636,0.3376241,-0.08758388,0.501086,0.1990061,-1.495509,0.4401711,0.1350167,0.9157733,1.459873,0.2649388,0.2580325,1.673513,0.2430378,296.157,169.6609,85.26421,True
3,3.277771,0.1091305,0.07331789,-0.1109228,-1.044403,1.506757,-1.036331,0.5953887,1.622716,0.3644209,-0.003633084,0.03867706,-0.2594266,0.0004141182,-0.2670137,-0.6841938,-0.1581452,2.719244,0.7794215,1.547862,0.337517,-0.08240354,0.4935918,0.180869,-1.493406,0.4452289,0.1353877,0.9148669,1.460287,0.2654884,0.2561961,1.67354,0.2438574,296.087,169.7012,85.3308,True
3,3.288882,0.1295131,0.03066622,-0.1255265,-1.04443,1.504205,-1.037162,0.5938542,1.622696,0.3646193,-0.004313788,-0.0611659,-0.2424608,-0.008125931,-0.2735959,-0.6812004,-0.1549384,2.719084,0.7778018,1.547991,0.3375571,-0.06879078,0.4690277,0.1499161,-1.492201,0.4495186,0.1353072,0.913792,1.460784,0.2659853,0.2543411,1.673558,0.2447791,296.0226,169.8833,85.27721,True
3,3.299993,0.1498454,0.002951682,-0.1370543,-1.044719,1.501908,-1.038282,0.5923029,1.622584,0.3648572,-0.004406999,-0.009019128,-0.2019171,-0.01567952,-0.2643832,-0.6791125,-0.1525423,2.718146,0.7762098,1.548163,0.3375659,-0.05604826,0.4540986,0.1434561,-1.4902,0.4537567,0.1351264,0.9126917,1.461295,0.2665107,0.2524544,1.67358,0.24586,296.0231,170.0162,85.27172,True
3,3.311104,0.161636,-0.02054071,-0.1496677,-1.044905,1.499221,-1.039114,0.5907981,1.622513,0.365078,-0.005134575,-0.06596875,-0.1895058,-0.03474219,-0.3039787,-0.6751326,-0.1478249,2.716204,0.7746463,1.548174,0.3375409,-0.04627402,0.4435168,0.1647096,-1.486937,0.458228,0.1349317,0.9116484,1.461696,0.2670436,0.25057,1.673575,0.24706,295.9678,170.144,85.33343,True
3,3.322215,0.1659862,-0.05050197,-0.1686111,-1.0449,1.495889,-1.039384,0.5892676,1.622378,0.3653855,-0.00583978,-0.06357592,-0.1788252,-0.03904292,-0.2987612,-0.6725526,-0.1448874,2.715787,0.7730536,1.548171,0.3376174,-0.04709077,0.4457079,0.1945444,-1.483083,0.4627277,0.135059,0.910718,1.462094,0.2675552,0.2487028,1.673509,0.2483508,295.9445,170.2758,85.41496,True
3,3.333326,0.1830859,-0.07299313,-0.1918921,-1.045021,1.491997,-1.040081,0.5878295,1.622199,0.3657441,-0.006431001,-0.05291034,-0.1723825,-0.02308322,-0.2955686,-0.6695113,-0.1431751,2.716177,0.7716081,1.548225,0.3376367,-0.04151338,0.4553916,0.2242912,-1.478927,0.4680205,0.1348766,0.9097736,1.462421,0.2678638,0.2468466,1.673363,0.2496982,295.9153,170.4399,85.46774,True
3,3.344437,0.2043983,-0.07835516,-0.2067912,-1.04559,1.488705,-1.041436,0.5863192,1.621863,0.3661733,-0.007038735,-0.0542574,-0.1659969,-0.02736241,-0.2945792,-0.6666968,-0.1401692,2.715605,0.7703013,1.548313,0.337606,-0.02661455,0.4468866,0.2188696,-1.476066,0.4726953,0.1340196,0.9087892,1.462812,0.2682271,0.2449835,1.673165,0.2510764,295.9,170.6842,85.4212,True
3,3.355548,0.2182282,-0.07296839,-0.2057856,-1.046182,1.486093,-1.043023,0.5848218,1.621564,0.3665664,-0.008767126,-0.1567212,-0.1617608,-0.04441321,-0.2946719,-0.664171,-0.1364203,2.714304,0.7688809,1.548357,0.3375671,-0.01422206,0.3999088,0.1688006,-1.47549,0.4755193,0.1335101,0.9079087,1.463115,0.2686298,0.2431124,1.672967,0.2524995,295.9197,170.9635,85.30384,True
3,3.366659,0.2330981,-0.06011787,-0.2048405,-1.047159,1.483788,-1.044975,0.5832852,1.621182,0.3671145,-0.01039379,-0.1466416,-0.1435364,-0.0316968,-0.283062,-0.661673,-0.1346642,2.714019,0.7674838,1.548407,0.33761,-0.01551601,0.3626054,0.1347984,-1.474726,0.4790637,0.1331442,0.907002,1.463396,0.2689614,0.241275,1.672789,0.2540213,295.9435,171.1266,85.27986,True
3,3.37777,0.2565612,-0.06314823,-0.1952607,-1.047379,1.481349,-1.047423,0.5817906,1.620782,0.367651,-0.01166038,-0.1136505,-0.103735,0.02459052,-0.2480657,-0.6592932,-0.1367098,2.715539,0.7660937,1.548304,0.3376632,-0.002782598,0.3370274,0.1272929,-1.473246,0.4817478,0.1324614,0.9060618,1.463698,0.2693396,0.2394592,1.6726,0.2556511,295.9032,171.1717,85.41152,True
3,3.388881,0.2832803,-0.07994911,-0.1770507,-1.046864,1.479109,-1.050298,0.5803743,1.62028,0.3681862,-0.01338132,-0.1552159,-0.05339116,0.07877343,-0.2248894,-0.6565453,-0.1394675,2.716774,0.7646126,1.548234,0.3378596,0.02403593,0.332843,0.1505042,-1.470221,0.4852405,0.1310265,0.9050326,1.464107,0.2700677,0.2376614,1.672362,0.2573248,295.8178,171.2509,85.56897,True
3,3.399992,0.297188,-0.08934805,-0.1599519,-1.046424,1.477053,-1.052934,0.5789732,1.61982,0.3687069,-0.01568123,-0.2076122,-0.02379221,0.08840513,-0.2528116,-0.6526481,-0.13868,2.71549,0.7632111,1.54825,0.3379686,0.04873285,0.3286311,0.1726939,-1.467013,0.4882408,0.1292344,0.9039218,1.464464,0.2704556,0.2358811,1.672036,0.2589922,295.7379,171.334,85.71906,True
3,3.411103,0.3228551,-0.1049782,-0.1279005,-1.045145,1.475703,-1.056652,0.5775363,1.6192,0.3691361,-0.01795397,-0.2045981,0.01563129,0.09047578,-0.2520843,-0.6495525,-0.1381701,2.713756,0.7619973,1.548298,0.338237,0.04993622,0.3275838,0.1918707,-1.463734,0.4910585,0.1285833,0.9028322,1.464987,0.2715681,0.234145,1.671559,0.260631,295.7206,171.3845,85.88689,True
3,3.422215,0.3367257,-0.103707,-0.1087524,-1.04456,1.47444,-1.060171,0.5760514,1.618574,0.3696032,-0.01973615,-0.159757,0.008980632,0.06499486,-0.2766038,-0.6462794,-0.1355596,2.711998,0.7606211,1.548204,0.3384564,0.04786237,0.3265276,0.1982891,-1.460838,0.494315,0.1277545,0.9018792,1.46531,0.2719691,0.2324715,1.670863,0.2622194,295.7424,171.4636,86.01221,True
3,3.433326,0.3505754,-0.09601298,-0.08539307,-1.043903,1.47385,-1.064266,0.5745578,1.617753,0.3699439,-0.02271463,-0.2693029,-0.01704404,0.004448682,-0.3191888,-0.6425701,-0.1291451,2.707938,0.7594109,1.548082,0.3386316,0.06255116,0.2604046,0.1695565,-1.459784,0.4946757,0.1267563,0.9009795,1.465374,0.2721498,0.2308227,1.669963,0.2637064,295.7567,171.6863,85.99115,True
3,3.444437,0.3590401,-0.06910521,-0.05472345,-1.043894,1.474195,-1.068719,0.5728548,1.616998,0.3702865,-0.02503638,-0.2081554,-0.02673084,-0.006167412,-0.3276569,-0.639319,-0.1258633,2.706065,0.7581626,1.54804,0.3388083,0.06020192,0.2059991,0.1409444,-1.458996,0.4950571,0.1262024,0.9000791,1.465589,0.2720315,0.2291668,1.668828,0.2650272,295.7855,171.9088,85.96065,True
3,3.455548,0.3621395,-0.03152199,-0.01880422,-1.044188,1.475495,-1.073511,0.5711306,1.616112,0.3705916,-0.02791792,-0.2598365,-0.00572148,0.02268878,-0.3660986,-0.6340246,-0.1239242,2.703957,0.7568721,1.54793,0.3390169,0.06212068,0.1548026,0.1122774,-1.458708,0.4949974,0.1254591,0.899204,1.465822,0.2722492,0.2274606,1.66749,0.2661466,295.7867,172.2094,85.79622,True
3,3.466659,0.3684351,0.009343624,0.02667451,-1.044611,1.478067,-1.079127,0.5694187,1.61517,0.3708251,-0.03068601,-0.2487979,0.02713466,0.05681446,-0.3907862,-0.6284714,-0.1227446,2.701709,0.7553961,1.547753,0.3392241,0.08753341,0.1345352,0.09187323,-1.458088,0.4960758,0.1234764,0.8983574,1.466054,0.2723589,0.2257016,1.665963,0.2670245,295.7663,172.5391,85.5602,True
3,3.47777,0.3747806,0.03089155,0.05419504,-1.044824,1.480187,-1.084566,0.5677334,1.614265,0.3710558,-0.03356169,-0.2586336,0.03787437,0.07275374,-0.38337,-0.6243504,-0.121782,2.700202,0.7539713,1.54771,0.339395,0.09616523,0.1441576,0.1056299,-1.456218,0.4978017,0.1219126,0.8974423,1.466363,0.272599,0.2238357,1.66431,0.2676141,295.709,172.9222,85.2127,True
3,3.488881,0.3832697,0.05474551,0.1029973,-1.04472,1.483561,-1.090602,0.5660154,1.613322,0.3711383,-0.03692633,-0.3031307,0.03809893,0.1046382,-0.3619625,-0.6205884,-0.1226765,2.700674,0.7526958,1.547703,0.3396513,0.1113199,0.1591479,0.1353071,-1.453306,0.4998637,0.11996,0.896626,1.466739,0.272692,0.2219691,1.662538,0.2678775,295.6255,173.3029,84.82759,True
3,3.499992,0.3885634,0.07310204,0.1316097,-1.044868,1.486828,-1.096765,0.5642601,1.612275,0.3712144,-0.04033464,-0.3067976,0.02535158,0.107832,-0.3575769,-0.6166075,-0.1218752,2.700233,0.7515129,1.547538,0.3398252,0.1147428,0.1634714,0.162968,-1.450251,0.501525,0.1183586,0.8956701,1.467099,0.2728899,0.2201936,1.660645,0.267778,295.555,173.6319,84.43153,True
3,3.511103,0.4055067,0.1150645,0.1760013,-1.045705,1.491856,-1.104375,0.5623566,1.611001,0.3711362,-0.04377544,-0.3095246,-0.008796573,0.08232386,-0.3594947,-0.6128738,-0.1189073,2.699149,0.7501459,1.54745,0.3399627,0.1084766,0.1443275,0.175853,-1.447702,0.5022708,0.1171636,0.894732,1.467537,0.2731664,0.2185189,1.658671,0.2673511,295.5393,173.9053,83.9957,True
3,3.522214,0.4033352,0.1377094,0.2109744,-1.046216,1.496239,-1.110934,0.5605292,1.609869,0.3713601,-0.04755394,-0.3403742,-0.04408512,0.08242165,-0.3751605,-0.6083747,-0.1169248,2.699115,0.7488254,1.547387,0.3401601,0.09251311,0.1230056,0.1760367,-1.445685,0.5025734,0.1165788,0.893777,1.467934,0.2733357,0.2169323,1.656641,0.2666117,295.5407,174.0852,83.60616,True
3,3.533325,0.4054099,0.1657253,0.2501678,-1.046879,1.50198,-1.118378,0.5585165,1.608632,0.3712914,-0.05183843,-0.3861414,-0.05966294,0.07949165,-0.450677,-0.6012395,-0.1125676,2.696695,0.7473185,1.547346,0.3402393,0.09240894,0.1016798,0.1622398,-1.444258,0.5029604,0.1155245,0.8928809,1.468408,0.2735341,0.2153812,1.654566,0.265608,295.5198,174.0968,83.34254,True
3,3.544436,0.398957,0.1849816,0.2628044,-1.047875,1.506593,-1.124836,0.5564902,1.607433,0.3714478,-0.05496445,-0.2800503,-0.04937845,0.09346205,-0.4944085,-0.5942652,-0.1096162,2.694435,0.7455498,1.547213,0.3405654,0.1030952,0.08358466,0.1643258,-1.442277,0.5031771,0.1138259,0.8916693,1.468945,0.2737427,0.2138301,1.652377,0.2643714,295.4588,173.9398,83.19111,True
3,3.555547,0.3882409,0.2041749,0.2701232,-1.049144,1.511469,-1.131171,0.554425,1.606207,0.3713682,-0.05898529,-0.3625839,-0.02920473,0.1243679,-0.5072682,-0.5877011,-0.1088835,2.693434,0.7438013,1.5473,0.3406653,0.0875136,0.0868879,0.2134539,-1.438153,0.5038391,0.1133897,0.8906281,1.469452,0.2739215,0.2122592,1.650084,0.2630034,295.423,173.8895,82.85853,True
3,3.566658,0.3871403,0.2137764,0.272179,-1.05027,1.515843,-1.137572,0.5522684,1.605088,0.3712869,-0.06257257,-0.3222371,-0.03138763,0.1073372,-0.5104998,-0.5824445,-0.1055499,2.691085,0.7421064,1.547306,0.3408194,0.07405786,0.1178943,0.2635635,-1.433383,0.5057802,0.1128693,0.8895859,1.46998,0.2740715,0.2105988,1.647714,0.2615273,295.3856,173.917,82.45182,True
3,3.577769,0.3903195,0.221291,0.2774383,-1.051387,1.520463,-1.144418,0.5501221,1.603935,0.3713033,-0.06633721,-0.3386941,-0.04200774,0.1105379,-0.507201,-0.5768934,-0.1033623,2.690093,0.74043,1.547348,0.340863,0.0688343,0.1413586,0.2774045,-1.429583,0.5077508,0.1120131,0.8885313,1.470478,0.2742321,0.2088405,1.645347,0.260052,295.3529,174.0641,81.88656,True
3,3.58888,0.4020025,0.233112,0.2847878,-1.052704,1.525441,-1.151704,0.5480347,1.602777,0.3711553,-0.07075486,-0.3982625,-0.05770177,0.1499237,-0.4770663,-0.5720198,-0.1066286,2.694291,0.7390988,1.546877,0.3402452,0.06883419,0.16267,0.2773556,-1.426472,0.5100184,0.1107723,0.8876444,1.470987,0.2744696,0.2069953,1.643079,0.2586252,295.299,174.3199,81.26188,True
3,3.599991,0.4072876,0.2438003,0.2857594,-1.054295,1.530204,-1.158725,0.5459279,1.601608,0.3712049,-0.07527531,-0.4070417,-0.0713681,0.1733253,-0.4598251,-0.566791,-0.1076846,2.696441,0.7373969,1.546915,0.3401229,0.06130609,0.1637127,0.2688932,-1.4236,0.5116009,0.110134,0.886633,1.471464,0.2746348,0.2050852,1.640972,0.2573051,295.2607,174.5148,80.73309,True
3,3.611102,0.4147218,0.2502284,0.2867648,-1.055792,1.534969,-1.165926,0.5439168,1.60044,0.3710999,-0.0797441,-0.4023484,-0.08412188,0.1808192,-0.4553996,-0.561527,-0.1087042,2.698753,0.7358867,1.546888,0.3400764,0.06549017,0.138133,0.2582712,-1.420989,0.5119568,0.1091992,0.8854246,1.47202,0.2745831,0.2032113,1.638998,0.2561383,295.1922,174.5687,80.40923,True
3,3.622213,0.4221679,0.2501816,0.2761022,-1.057363,1.539115,-1.172978,0.5418403,1.599273,0.3712702,-0.08381767,-0.366189,-0.09489834,0.1830297,-0.4659385,-0.5555328,-0.1086559,2.700461,0.7341514,1.546864,0.3397753,0.0601535,0.1306774,0.256201,-1.418026,0.5129651,0.1085129,0.8844343,1.47253,0.2748325,0.2014204,1.637098,0.255103,295.0787,174.5359,80.24621,True
3,3.633324,0.4275176,0.2405301,0.2655188,-1.058523,1.542878,-1.179757,0.5399076,1.598143,0.3711934,-0.08823532,-0.3979969,-0.09376299,0.1925862,-0.4584613,-0.5501031,-0.1090626,2.701881,0.7326223,1.546672,0.3399255,0.05172887,0.1477466,0.2690169,-1.414362,0.5148394,0.1079709,0.8833581,1.472983,0.274967,0.199701,1.635234,0.2541858,294.9444,174.4993,80.10878,True
3,3.644435,0.4339861,0.2159459,0.2507894,-1.059195,1.546026,-1.186431,0.5378548,1.5971,0.3715394,-0.09272487,-0.40415,-0.06900558,0.2223258,-0.4319121,-0.5453525,-0.113601,2.705695,0.7308712,1.546928,0.3401392,0.04968891,0.1744016,0.280697,-1.410501,0.517292,0.1070189,0.8821523,1.473449,0.2751677,0.198036,1.633376,0.2533527,294.826,174.4756,79.96609,True
3,3.655546,0.4436271,0.2010489,0.2477024,-1.059938,1.549774,-1.193553,0.5359052,1.595876,0.3714662,-0.09702535,-0.3868414,-0.03686407,0.2509904,-0.4161235,-0.5400395,-0.1170052,2.707877,0.7293239,1.546902,0.340054,0.05716287,0.1935885,0.2837881,-1.406909,0.5198039,0.1057339,0.8810794,1.473836,0.2752507,0.1963626,1.631519,0.2526282,294.7306,174.4563,79.78846,True
3,3.666657,0.4510803,0.2010518,0.2444973,-1.061079,1.55351,-1.200669,0.5340623,1.594665,0.3714142,-0.1016459,-0.4161708,-0.03591454,0.2361156,-0.4246815,-0.5347111,-0.1170739,2.708533,0.7279128,1.547021,0.3399768,0.06235158,0.1711907,0.2656813,-1.404482,0.5208268,0.1046705,0.8800311,1.474385,0.2752924,0.1946723,1.629666,0.2520149,294.678,174.5069,79.54539,True
3,3.677768,0.4585131,0.2030915,0.2295573,-1.062555,1.556672,-1.207584,0.5322827,1.593461,0.3713944,-0.1063203,-0.4207673,-0.05733457,0.185027,-0.4289169,-0.5301715,-0.1132412,2.706675,0.7264833,1.546922,0.3398597,0.05369204,0.1455789,0.2476993,-1.402267,0.521362,0.1042731,0.8790048,1.474769,0.2753663,0.1929265,1.62783,0.251561,294.6473,174.5355,79.3338,True
3,3.688879,0.463838,0.1954763,0.2061743,-1.063887,1.559089,-1.214089,0.5304558,1.59222,0.3715899,-0.1108994,-0.4119664,-0.08054397,0.1775289,-0.39888,-0.5266097,-0.1148025,2.709942,0.7250428,1.546947,0.3402159,0.03539954,0.1061052,0.223433,-1.400645,0.5210461,0.1045965,0.8780266,1.475155,0.2753992,0.1912018,1.625949,0.2511908,294.546,174.6199,79.21152,True
3,3.69999,0.4617585,0.1739548,0.1786553,-1.064732,1.56089,-1.220168,0.5286623,1.591125,0.3720806,-0.1156105,-0.4241072,-0.072952,0.1817354,-0.3840226,-0.5221772,-0.1158508,2.711409,0.7235354,1.546796,0.3401558,0.04271469,0.09861226,0.205278,-1.398828,0.5218261,0.1036713,0.8769323,1.475546,0.2754681,0.1895559,1.623991,0.2508205,294.4133,174.8167,79.01134,True
3,3.711101,0.4586387,0.1438703,0.1480032,-1.065115,1.561827,-1.22568,0.527099,1.589987,0.3723283,-0.120271,-0.4193772,-0.02479684,0.1805277,-0.3567335,-0.5186858,-0.1176029,2.711754,0.7222359,1.5463,0.3401878,0.06491561,0.1028436,0.1859021,-1.397321,0.5230061,0.1020997,0.8758577,1.47581,0.275507,0.1879679,1.621982,0.2504294,294.3156,175.0332,78.70034,True
3,3.722212,0.4554828,0.1277156,0.1257723,-1.065855,1.563106,-1.231395,0.5253309,1.588986,0.3731534,-0.1248964,-0.4161294,0.02344173,0.2080827,-0.3261735,-0.5148423,-0.1222318,2.714046,0.7206708,1.546216,0.3403277,0.0851841,0.1103205,0.1889219,-1.394804,0.5243236,0.1002036,0.874855,1.476245,0.2755356,0.1863784,1.619983,0.2500999,294.2935,175.1797,78.3082,True
3,3.733323,0.4491365,0.1006876,0.07912,-1.066272,1.562382,-1.235851,0.5239745,1.587855,0.3735764,-0.1295479,-0.4184976,0.0308612,0.189965,-0.3273625,-0.5108348,-0.1220014,2.713218,0.7193515,1.545855,0.3402784,0.1120151,0.09973156,0.212161,-1.391558,0.5248334,0.09787996,0.8737935,1.476532,0.275445,0.1847938,1.618071,0.2499628,294.3173,175.3318,77.86982,True
3,3.744434,0.4364201,0.06833638,0.0346546,-1.066484,1.561336,-1.23977,0.5226482,1.586726,0.3743014,-0.1344215,-0.438807,0.02782258,0.1835161,-0.3103285,-0.5072256,-0.1222801,2.713235,0.7179259,1.545927,0.34041,0.112077,0.08377548,0.218595,-1.388791,0.5250935,0.09664691,0.8725854,1.476869,0.2753603,0.1832471,1.616308,0.2500943,294.3596,175.4981,77.48377,True
3,3.755545,0.4290247,0.04024741,-0.01091323,-1.066595,1.559731,-1.243721,0.5214553,1.585557,0.3748443,-0.1390085,-0.4123604,0.03895208,0.2099768,-0.2613378,-0.5048134,-0.127286,2.716793,0.7167265,1.545418,0.3404801,0.1206899,0.06142955,0.2281612,-1.385918,0.5247391,0.09510148,0.8715932,1.477116,0.2752552,0.1817034,1.614751,0.2505659,294.3646,175.6043,77.2188,True
3,3.766656,0.4237552,0.0187611,-0.03097742,-1.066433,1.558419,-1.247636,0.5203348,1.584379,0.375473,-0.1434842,-0.4024738,0.0701863,0.251366,-0.2295393,-0.5015734,-0.1336044,2.720569,0.7154126,1.544812,0.3407381,0.1439534,0.04114761,0.2045794,-1.384436,0.5244549,0.0926559,0.8705418,1.477221,0.275209,0.1802701,1.613408,0.2514121,294.3688,175.6985,77.10828,True
3,3.777767,0.4301583,0.008998036,-0.05752793,-1.066831,1.55701,-1.252119,0.5191989,1.583154,0.3765571,-0.1486363,-0.464415,0.1222198,0.2321622,-0.2460339,-0.4977762,-0.1344167,2.718182,0.7145598,1.544262,0.3409324,0.166122,0.02086125,0.1788724,-1.383358,0.5238822,0.09013043,0.8696094,1.477409,0.275126,0.1789483,1.612302,0.2526329,294.3705,175.7358,77.15939,True
3,3.788878,0.4248343,0.004623622,-0.06920549,-1.067077,1.555691,-1.255989,0.5182539,1.581918,0.3774896,-0.1533778,-0.4262526,0.1708792,0.1448089,-0.2701812,-0.4948233,-0.1287441,2.709752,0.7136484,1.54384,0.3411489,0.1774082,-0.008009102,0.1245088,-1.383892,0.5230436,0.08791175,0.8689378,1.477536,0.2750511,0.1777309,1.611399,0.2541493,294.3423,175.6669,77.44939,True
3,3.799989,0.4173651,0.003413379,-0.08410344,-1.067593,1.554227,-1.259653,0.517229,1.580692,0.3784335,-0.1588171,-0.4905262,0.1942312,0.1202842,-0.2768694,-0.4915338,-0.126751,2.705132,0.7127261,1.543484,0.3413312,0.1730656,-0.009098306,0.1138908,-1.382891,0.5229362,0.0861498,0.8681891,1.477777,0.2749934,0.1766141,1.610616,0.2558595,294.3029,175.4645,77.90871,True
3,3.8111,0.4056391,3.758073E-05,-0.1011081,-1.068002,1.552405,-1.262837,0.5163577,1.579641,0.3794186,-0.1630329,-0.3780669,0.2366903,0.102154,-0.291154,-0.4880061,-0.1243554,2.698955,0.7118354,1.543214,0.3416452,0.1902907,0.0005472302,0.1360984,-1.38065,0.5230828,0.08348584,0.8674623,1.477949,0.2748802,0.1755772,1.609843,0.2577296,294.2355,175.0998,78.47742,True
3,3.822211,0.4045808,-0.007529199,-0.1159539,-1.068353,1.550572,-1.266346,0.5154049,1.57849,0.3803625,-0.1676044,-0.411707,0.2642408,0.08191663,-0.3053102,-0.4844263,-0.1214146,2.692561,0.7109593,1.542841,0.341877,0.1999737,0.005907755,0.1477257,-1.378577,0.5232306,0.08091562,0.866667,1.478228,0.2747011,0.1745951,1.60901,0.2596624,294.1443,174.878,78.94016,True
3,3.833322,0.4099984,-0.03750509,-0.1370297,-1.067743,1.547668,-1.269712,0.51489,1.577566,0.3816488,-0.1720663,-0.4012371,0.2751964,0.1127028,-0.2765455,-0.4814915,-0.1236275,2.691105,0.710191,1.54244,0.3421273,0.18617,-0.03031188,0.1511167,-1.376905,0.5215703,0.07960029,0.8660424,1.478402,0.2745197,0.1735863,1.608118,0.2615556,294.0698,174.8544,79.19817,True
3,3.844433,0.4142867,-0.04603082,-0.1401593,-1.067526,1.545695,-1.273448,0.5141366,1.576455,0.3826764,-0.177138,-0.4571154,0.2809234,0.1498458,-0.238126,-0.4791671,-0.1278565,2.691626,0.7096909,1.5419,0.3425524,0.1872446,-0.05908545,0.1501041,-1.375504,0.519725,0.07784526,0.8653772,1.478542,0.2744443,0.1725777,1.607208,0.2633561,294.0333,174.9832,79.26163,True
3,3.855544,0.4228543,-0.0566172,-0.1358236,-1.066924,1.543876,-1.277522,0.5137371,1.57533,0.3837862,-0.1822822,-0.4632677,0.288958,0.2114495,-0.1836699,-0.4771506,-0.1364154,2.695755,0.709264,1.541441,0.3428473,0.2052514,-0.1017215,0.1351346,-1.374713,0.5170527,0.07549635,0.8648757,1.478669,0.2742889,0.1716312,1.606281,0.2650675,294.0556,175.0373,79.30968,True
3,3.866655,0.431427,-0.05841452,-0.09852999,-1.066292,1.543926,-1.28258,0.5133238,1.574085,0.384901,-0.1869374,-0.418654,0.3075922,0.2581389,-0.1336198,-0.4752613,-0.144862,2.699146,0.7088485,1.540735,0.3432307,0.228539,-0.1464917,0.1147944,-1.374393,0.5140724,0.07282547,0.8645617,1.478821,0.2741852,0.1708855,1.60533,0.26681,294.1421,174.9841,79.37852,True
3,3.877766,0.439973,-0.06035325,-0.07934679,-1.065781,1.543427,-1.287406,0.5127985,1.572879,0.3858848,-0.1918749,-0.4447719,0.315065,0.2623855,-0.1326075,-0.4726685,-0.1495914,2.699584,0.7084685,1.540228,0.3435965,0.2391598,-0.1710002,0.1094338,-1.373556,0.5112285,0.07036418,0.8641659,1.478939,0.2740915,0.1702369,1.604353,0.2685668,294.1712,174.8491,79.59489,True
3,3.888877,0.4358074,-0.0826633,-0.0695762,-1.064293,1.542427,-1.291619,0.5124638,1.57178,0.3869469,-0.196675,-0.4319405,0.3231298,0.2550721,-0.1838321,-0.4681187,-0.1504645,2.696452,0.7082866,1.539886,0.3440676,0.2518,-0.1998102,0.09021397,-1.373419,0.507929,0.06778091,0.8637596,1.478901,0.2740741,0.1698153,1.603251,0.2703225,294.1745,174.68,79.91014,True
3,3.899988,0.4358847,-0.100758,-0.06519818,-1.062989,1.540873,-1.29576,0.5122746,1.570097,0.3857777,-0.201408,-0.4259636,0.3312253,0.2242832,-0.2255685,-0.463895,-0.1491407,2.691504,0.7078302,1.539691,0.3449218,0.2431514,-0.2158423,0.07328106,-1.373288,0.5049086,0.06591297,0.8634429,1.478976,0.2740283,0.1695202,1.601951,0.2719492,294.1438,174.5254,80.25768,True
3,3.911099,0.4380493,-0.1081624,-0.0598198,-1.061729,1.539911,-1.30018,0.5119452,1.568954,0.3867714,-0.205758,-0.3909324,0.3383869,0.1561593,-0.2492857,-0.4609383,-0.1440484,2.682815,0.7075136,1.539581,0.3453767,0.2238776,-0.20522,0.06276827,-1.373015,0.5029581,0.06451987,0.8631659,1.479102,0.2739518,0.1691767,1.600459,0.2733664,294.1598,174.5054,80.39992,True
3,3.92221,0.4443963,-0.08546391,-0.02593885,-1.061949,1.540777,-1.305745,0.5115808,1.56775,0.3879004,-0.2106646,-0.4421605,0.3383611,0.146594,-0.2546414,-0.4575785,-0.1440718,2.678709,0.7073932,1.538959,0.3458593,0.2067695,-0.1967251,0.05543619,-1.372719,0.5009945,0.06314381,0.8628219,1.479205,0.2739198,0.1687869,1.598816,0.2745136,294.1721,174.7675,80.39554,True
3,3.933321,0.4464553,-0.05208562,0.01747182,-1.062037,1.542801,-1.311809,0.5112865,1.566469,0.3888397,-0.2154614,-0.4315653,0.3375159,0.1848887,-0.2364018,-0.4542815,-0.1486568,2.67909,0.7072561,1.538623,0.3464098,0.2035635,-0.2031125,0.05440962,-1.372313,0.4985891,0.06154965,0.8626962,1.479332,0.2738528,0.1683651,1.597021,0.2751432,294.2249,175.1482,80.3595,True
3,3.944432,0.4495947,-0.02295925,0.05771298,-1.062533,1.545063,-1.318117,0.5109786,1.565065,0.3899949,-0.2205087,-0.4545842,0.3355152,0.1997516,-0.2278124,-0.4512418,-0.1513937,2.677418,0.7070855,1.538327,0.3477688,0.2045697,-0.2105842,0.04696213,-1.372155,0.4958827,0.05970621,0.8625613,1.479437,0.2739513,0.1680541,1.595125,0.2755003,294.3901,175.299,79.97912,True
3,3.955544,0.4505987,0.0006756485,0.08202519,-1.062843,1.547121,-1.324159,0.510855,1.563635,0.390846,-0.2252768,-0.4288914,0.3032112,0.1956593,-0.2658914,-0.4464832,-0.151264,2.674969,0.7070757,1.537893,0.3483887,0.2132022,-0.2371866,0.05866814,-1.371292,0.4922104,0.05775544,0.8625066,1.479464,0.2739887,0.1682978,1.594112,0.2758007,294.3622,174.5874,80.33525,True
3,3.966655,0.4484476,0.00710474,0.08516432,-1.063146,1.548262,-1.329632,0.5105832,1.562346,0.3919194,-0.2302191,-0.4450216,0.2808018,0.1892901,-0.2689146,-0.4429295,-0.1511201,2.672499,0.707021,1.537517,0.3491347,0.2109664,-0.2606539,0.04489557,-1.37138,0.4884586,0.05627286,0.8624849,1.479425,0.2740796,0.1687818,1.593446,0.2761054,294.3149,173.3221,81.38969,True
3,3.977766,0.4420216,0.01890078,0.09464931,-1.063842,1.549853,-1.33509,0.510522,1.561203,0.3928812,-0.2349084,-0.4217309,0.2626331,0.1701459,-0.2720039,-0.4397427,-0.1503485,2.669498,0.7070714,1.537208,0.3498223,0.2000732,-0.2745737,0.01518741,-1.372498,0.4848435,0.05514128,0.8624829,1.479417,0.2741625,0.169343,1.592827,0.2764289,294.2278,171.8605,82.7296,True
3,3.988877,0.4430792,0.02540652,0.1084456,-1.063949,1.551874,-1.341036,0.5103682,1.559977,0.393714,-0.2396307,-0.4249248,0.2614281,0.1403181,-0.2816852,-0.4364921,-0.1466145,2.663342,0.7068907,1.537065,0.3507059,0.2011843,-0.2479268,0.02258161,-1.371992,0.4829658,0.05327361,0.8623222,1.479347,0.2742634,0.1698793,1.592235,0.2767447,294.1379,170.4375,84.05769,True
3,3.999988,0.4420099,0.03302003,0.1286261,-1.06406,1.5544,-1.347149,0.5102022,1.558732,0.3945289,-0.2442742,-0.4176626,0.2679242,0.1370656,-0.2689635,-0.4337288,-0.1467203,2.66024,0.7068994,1.536727,0.3513641,0.1979177,-0.2298351,0.01511139,-1.372199,0.4810147,0.05155107,0.8622688,1.479323,0.2743433,0.1703366,1.591724,0.2771044,294.0414,169.167,85.1542,True
3,4.011099,0.4334559,0.05677622,0.1731849,-1.064674,1.55856,-1.353751,0.5100399,1.557361,0.3950801,-0.2494381,-0.4653211,0.2841891,0.1923501,-0.2465663,-0.4301639,-0.1531464,2.662261,0.7067261,1.536403,0.3517416,0.1968765,-0.2202394,0.01829445,-1.372093,0.4788906,0.04977768,0.8623879,1.479337,0.2744553,0.1707447,1.591293,0.2774961,293.8905,167.9915,86.18109,True
3,4.02221,0.4248826,0.0793164,0.1985823,-1.065631,1.562303,-1.360061,0.5099395,1.556053,0.3956614,-0.2542872,-0.4361298,0.2980143,0.2274898,-0.2540461,-0.42562,-0.1570758,2.662175,0.7067586,1.536182,0.352176,0.1980422,-0.23406,0.03110489,-1.371382,0.4756081,0.04833318,0.8624302,1.479213,0.2746291,0.1711402,1.590812,0.2778633,293.7404,166.7626,87.26051,True
3,4.033321,0.4109204,0.1123553,0.2068588,-1.067419,1.565784,-1.365803,0.509868,1.554803,0.3961535,-0.2588507,-0.4103073,0.2808192,0.2030535,-0.2667537,-0.421939,-0.1563646,2.659008,0.7068096,1.535973,0.3527691,0.1938659,-0.2446939,0.04075115,-1.370702,0.4723995,0.04697097,0.8624796,1.479198,0.2747176,0.1715788,1.590251,0.2781279,293.642,165.5133,88.51804,True
3,4.044433,0.389514,0.1400252,0.2130561,-1.069279,1.569107,-1.370972,0.5098001,1.553588,0.396605,-0.2635874,-0.4264318,0.2145126,0.1062408,-0.2792487,-0.420004,-0.1471527,2.650567,0.7068142,1.535652,0.3534551,0.1745931,-0.2532501,0.02710117,-1.370981,0.4692618,0.04629027,0.8625343,1.479183,0.2748032,0.1720632,1.58963,0.2782122,293.6685,164.2358,89.94478,True
3,4.055544,0.3745518,0.1549338,0.2193476,-1.070971,-4.710558,-1.376343,0.5096737,1.55242,0.397105,-0.2679635,-0.3932819,0.1409929,0.05199856,-0.2713074,-0.4181818,-0.1409956,2.645945,0.7069895,1.535305,0.3540232,0.1723462,-0.2436927,0.01536264,-1.371409,0.4669052,0.0449704,0.8627303,1.479263,0.2748363,0.1725555,1.589033,0.2781565,293.8472,163.0373,91.31161,True
3,4.066655,0.3489189,0.1751707,0.2298722,-1.073021,-4.706695,-1.381212,0.5094762,1.551453,0.397711,-0.2722065,-0.38146,0.1274874,0.05826484,-0.2328134,-0.4167549,-0.1412348,2.645139,0.7071912,1.535094,0.3546605,0.1808663,-0.2362301,0.01527572,-1.371286,0.464499,0.04305,0.8627931,1.479203,0.2749274,0.1729933,1.588529,0.2780557,294.0747,162.0213,92.47512,True
3,4.077766,0.3243447,0.199715,0.2467517,-1.075412,-4.702285,-1.386051,0.5093525,1.550466,0.3980606,-0.2769767,-0.4298697,0.145673,0.07100127,-0.2265434,-0.4141386,-0.1412104,2.642849,0.7072965,1.534916,0.3551819,0.1968321,-0.2277023,0.01405917,-1.371266,0.4622333,0.0406931,0.8628721,1.479145,0.275079,0.1733522,1.588112,0.277964,294.2354,161.1204,93.51781,True
3,4.088878,0.3029695,0.22647,0.2721324,-1.078102,-4.697196,-1.391092,0.5092307,1.549546,0.3983459,-0.2809331,-0.3550433,0.1648563,0.08907525,-0.2298401,-0.4111644,-0.1412901,2.640167,0.7074066,1.534831,0.3558264,0.1903213,-0.2170877,0.0002399944,-1.371803,0.4600689,0.0391972,0.862987,1.479162,0.2752898,0.1736775,1.587721,0.2779409,294.3733,160.335,94.39676,True
3,4.099989,0.2794968,0.2414019,0.2848296,-1.080556,-4.692544,-1.395777,0.5090462,1.548555,0.398629,-0.285061,-0.3715557,0.1606777,0.1018182,-0.2223084,-0.4086067,-0.1412743,2.638633,0.7075037,1.53465,0.3562579,0.151892,-0.1915577,-0.008022476,-1.372221,0.4587883,0.03908082,0.8631377,1.479097,0.2755189,0.1739468,1.58739,0.2779488,294.4324,159.6525,95.20329,True
3,4.1111,0.2571273,0.2391452,0.2795476,-1.082592,-4.688735,-1.399675,0.5089689,1.547725,0.398808,-0.2892677,-0.3786381,0.1244128,0.04752612,-0.2178896,-0.4073193,-0.1355195,2.633201,0.707658,1.534413,0.3567371,0.1368845,-0.1713485,-0.01753678,-1.372857,0.457535,0.03835059,0.8632017,1.479017,0.275717,0.174194,1.587084,0.2778967,294.4712,159.0409,96.04649,True
3,4.122211,0.2336901,0.2379308,0.2721226,-1.084662,-4.685253,-1.403214,0.5088931,1.54657,0.3989141,-0.2932918,-0.362041,0.07968861,0.002822071,-0.2091182,-0.4060937,-0.1295291,2.62815,0.7076759,1.534173,0.3572657,0.1390758,-0.1702617,-0.01009805,-1.372716,0.4556025,0.03700542,0.8632271,1.47903,0.2758231,0.1744407,1.586761,0.2777295,294.5904,158.5056,96.87033,True
3,4.133323,0.2049171,0.2377554,0.263636,-1.0868,-4.681851,-1.406042,0.5087816,1.545794,0.3990586,-0.2968823,-0.322691,0.06378314,0.00388521,-0.2004497,-0.4043557,-0.1274911,2.626109,0.7077106,1.534034,0.3576896,0.1306273,-0.1585264,-0.0004658736,-1.372398,0.4542074,0.0361359,0.8632756,1.478965,0.2759628,0.1746965,1.586412,0.2774779,294.8167,158.0279,97.6179,True
3,4.144434,0.1814122,0.2535909,0.2560718,-1.089722,-4.678426,-1.408937,0.5085554,1.544866,0.3993242,-0.3004301,-0.3193089,0.05436464,-0.001498558,-0.1812069,-0.4033245,-0.1250017,2.62339,0.7077346,1.533777,0.3581009,0.1241803,-0.1478901,-0.005752586,-1.372598,0.4528728,0.0353042,0.8633212,1.478921,0.2761209,0.1749528,1.586084,0.2772049,295.0917,157.5901,98.29505,True
3,4.155545,0.1643317,0.2620237,0.2528293,-1.092444,-4.674871,-1.411788,0.5084156,1.544093,0.399513,-0.3033383,-0.2609044,0.03968298,0.01656198,-0.1575829,-0.4021272,-0.1255676,2.624003,0.7077314,1.533568,0.3583677,0.1145659,-0.1468365,-0.008871239,-1.372876,0.4512751,0.03470072,0.8633511,1.478868,0.2762849,0.175203,1.585765,0.2769319,295.2925,157.119,99.0769,True
3,4.166656,0.1419228,0.2682431,0.2410919,-1.09526,-4.671706,-1.414079,0.5082281,1.543417,0.3996711,-0.3067344,-0.3062162,0.02185774,0.05167827,-0.1338778,-0.400581,-0.1287533,2.62702,0.707755,1.533469,0.3584809,0.1018431,-0.130853,-0.001342285,-1.372625,0.4501739,0.03414332,0.8633161,1.478769,0.2765596,0.1753823,1.585537,0.2767252,295.4843,156.8161,99.57954,True
3,4.177768,0.116358,0.2626777,0.2230553,-1.097617,-4.669142,-1.415757,0.5080266,1.542903,0.399822,-0.3098327,-0.2787165,0.02943967,0.05585809,-0.1222222,-0.3994752,-0.1279512,2.625501,0.7078012,1.533576,0.359216,0.09331395,-0.11275,-0.001312152,-1.372661,0.4494748,0.03350629,0.8632708,1.478698,0.2767551,0.1755196,1.585337,0.276592,295.5862,156.545,100.0293,True
3,4.188879,0.1120561,0.2700338,0.2123487,-1.100492,-4.66636,-1.418124,0.5079058,1.542251,0.3999872,-0.3123973,-0.230317,0.03364013,0.03347122,-0.1234041,-0.3983924,-0.1247933,2.622288,0.7078326,1.533116,0.3598685,0.08152004,-0.07868218,-0.007686729,-1.373031,0.4497937,0.03300908,0.8633535,1.478675,0.2770314,0.1756299,1.58517,0.2764958,295.6266,156.2974,100.4642,True
3,4.19999,0.1035058,0.2720018,0.1953013,-1.103337,-4.663947,-1.420156,0.5077128,1.541707,0.4001806,-0.3147702,-0.2133507,0.01093765,-0.01543144,-0.1510486,-0.3971434,-0.116856,2.615791,0.7076987,1.532829,0.3604198,0.06547277,-0.06273047,-0.01504132,-1.373378,0.4495067,0.03285275,0.863414,1.478622,0.2773087,0.175696,1.585052,0.2763975,295.6513,156.1556,100.7752,True
3,4.211102,0.09392966,0.2622177,0.1751494,-1.105672,-4.662178,-1.421635,0.5075457,1.541229,0.4003899,-0.3178717,-0.280217,-0.01780485,-0.03990912,-0.1444748,-0.3965617,-0.1121008,2.61261,0.7076247,1.532679,0.3607588,0.0527181,-0.0488783,-0.01070486,-1.373345,0.4494094,0.03273717,0.8633714,1.478576,0.2775393,0.1756576,1.584987,0.2762548,295.6895,156.3152,100.7533,True
3,4.222213,0.07803947,0.227786,0.139221,-1.106957,-4.661572,-1.422304,0.507383,1.540897,0.4007213,-0.3200986,-0.1997944,-0.005816147,-0.02724973,-0.1168562,-0.3961985,-0.1112303,2.611365,0.7072988,1.532824,0.3610766,0.04853604,-0.03606992,-5.211495E-05,-1.373058,0.44945,0.03232678,0.8632848,1.478618,0.2777026,0.1757935,1.584864,0.276188,295.7333,155.993,101.2161,True
3,4.233324,0.06645608,0.1784184,0.09914511,-1.107248,-4.661879,-1.422482,0.5072486,1.540741,0.4009781,-0.321933,-0.1648334,0.007154338,-0.003883835,-0.09985578,-0.3953633,-0.1122239,2.611751,0.7071891,1.532739,0.3613827,0.04655699,-0.003002064,0.02013255,-1.372069,0.4505792,0.03166818,0.8632106,1.478583,0.2779553,0.1758591,1.584772,0.2762009,295.6908,155.7732,101.5286,True
3,4.244435,0.06443091,0.1387157,0.06430141,-1.107552,-4.662445,-1.422857,0.5072266,1.540523,0.4012613,-0.3235655,-0.1466629,0.02970602,0.01306835,-0.0829528,-0.3947934,-0.1131589,2.611482,0.7070911,1.532766,0.3614082,0.04124525,0.02149813,0.02438192,-1.371693,0.4514757,0.03130466,0.8631697,1.478575,0.2781956,0.1758752,1.584715,0.2763394,295.5197,155.5628,101.7826,True
3,4.255547,0.06128792,0.1194239,0.05060396,-1.108336,-4.662212,-1.423509,0.5070782,1.540335,0.4015834,-0.3252583,-0.1524297,0.02861384,-0.01037075,-0.08194765,-0.3945143,-0.1099269,2.608229,0.7069807,1.532753,0.36164,0.03263015,0.03105822,0.01377885,-1.371892,0.4521866,0.03111344,0.8631275,1.478545,0.2784564,0.1758683,1.584709,0.2765927,295.292,155.3501,101.933,True
3,4.266658,0.05389718,0.09472649,0.02949931,-1.108703,-4.662591,-1.423677,0.5069835,1.540172,0.4019072,-0.3272242,-0.1774407,0.00419509,-0.03168811,-0.06901348,-0.3947849,-0.1065994,2.60593,0.7068429,1.532525,0.3617339,0.01541628,0.04059257,-0.00528544,-1.372766,0.4528948,0.03145859,0.8631672,1.478518,0.2787955,0.1758535,1.584766,0.276887,295.0568,155.1496,102.0214,True
3,4.277769,0.04754298,0.07639027,0.004079172,-1.109157,-4.663509,-1.423562,0.5068818,1.540139,0.4022315,-0.3286815,-0.1308432,-0.01063368,-0.03276108,-0.05929648,-0.394713,-0.1053299,2.605357,0.7067126,1.532446,0.3619368,0.01225088,0.04272241,-0.002065111,-1.372624,0.4533422,0.03125592,0.863134,1.478494,0.2790749,0.1758285,1.584817,0.2771859,294.813,154.961,102.0946,True
3,4.28888,0.04226318,0.05810407,-0.0160063,-1.109345,-4.664379,-1.423515,0.5066754,1.540093,0.4026077,-0.329824,-0.1025571,-0.01584652,-0.02641081,-0.04750309,-0.3948355,-0.1048375,2.605254,0.7065933,1.532388,0.362021,0.01983335,0.05128233,0.013827,-1.371938,0.4541793,0.03061969,0.8630415,1.478523,0.2794867,0.1758063,1.584838,0.2774538,294.5808,154.7726,102.1993,True
3,4.299992,0.03487309,0.03231496,-0.04029611,-1.108992,-4.665917,-1.422944,0.5065877,1.540162,0.4029117,-0.3310112,-0.1069197,-0.0103612,-0.01901919,-0.03155673,-0.3949047,-0.1046433,2.604867,0.7063512,1.532329,0.362159,0.01670678,0.06194808,0.02235456,-1.371345,0.4551549,0.03027508,0.8629729,1.47851,0.2798264,0.1757844,1.584869,0.2777174,294.3466,154.5829,102.3172,True
3,4.311103,0.02641344,0.007594146,-0.06352842,-1.10845,-4.667728,-1.422141,0.5064408,1.540289,0.4031756,-0.3321963,-0.1067536,-0.00921258,-0.02011512,-0.02198214,-0.3951162,-0.1041745,2.604486,0.7062041,1.53231,0.3623123,0.001838319,0.08858958,0.0298743,-1.370771,0.457014,0.03042475,0.8627952,1.478488,0.2801621,0.1757327,1.584934,0.2779854,294.1429,154.4994,102.2548,True
3,4.322214,0.02538076,-0.003077723,-0.06556711,-1.108233,-4.668482,-1.422015,0.5063092,1.540358,0.4034626,-0.3330097,-0.07289425,-0.009075308,-0.0148369,-0.008115539,-0.3954794,-0.1044123,2.604734,0.7060785,1.5322,0.3624971,-0.007797388,0.1066775,0.02459052,-1.370594,0.4587443,0.03042768,0.8627154,1.478457,0.2804823,0.1756798,1.585014,0.2782473,293.946,154.417,102.1748,True
3,4.333325,0.02329289,-0.014812,-0.06653654,-1.107785,-4.669429,-1.42176,0.5061934,1.540424,0.4036827,-0.3338192,-0.07282481,-0.00890663,-0.009565257,0.01000976,-0.3960717,-0.105554,2.60588,0.7059997,1.532165,0.3626783,-0.006812461,0.1151863,0.01603759,-1.370736,0.4603882,0.03020105,0.862633,1.478444,0.2807345,0.1756089,1.585119,0.2785325,293.7477,154.3856,102.0101,True
3,4.344437,0.01693399,-0.02008741,-0.05689725,-1.107453,-4.669803,-1.421602,0.5060517,1.540407,0.4038622,-0.3348728,-0.09522129,-0.006736685,-0.006384669,0.01320444,-0.3963657,-0.1060603,2.606256,0.7058941,1.532133,0.3628411,-0.0004635043,0.1023899,0.00962016,-1.370836,0.4610302,0.02974964,0.8625995,1.478397,0.2810142,0.1755361,1.585232,0.2787445,293.6206,154.4347,101.7642,True
3,4.355548,0.01374585,-0.0200485,-0.0505017,-1.107283,-4.670216,-1.421459,0.5059381,1.540413,0.4040465,-0.3356142,-0.06650435,-0.02810092,-0.01379133,0.008024646,-0.3962214,-0.1047404,2.606041,0.7057493,1.531998,0.3630245,-0.002616312,0.08746964,0.006471881,-1.370893,0.4615111,0.02981249,0.8625689,1.478408,0.2812839,0.1754869,1.585318,0.2789049,293.5005,154.4309,101.6493,True
3,4.366659,0.00631824,-0.02316152,-0.03662341,-1.106975,-4.670305,-1.421243,0.5058452,1.540362,0.4041662,-0.3361239,-0.04570927,-0.04420024,-0.01906511,-0.004638521,-0.3960078,-0.1028466,2.605326,0.7056068,1.53183,0.3633444,-0.007981124,0.0597561,0.0001811245,-1.371131,0.4612579,0.03015604,0.8624349,1.478485,0.2816188,0.175449,1.585353,0.2790732,293.3674,154.3815,101.6103,True
3,4.37777,-6.198604E-05,-0.02311743,-0.02809781,-1.106762,-4.670476,-1.420965,0.5057275,1.540302,0.4042699,-0.3367407,-0.05562952,-0.05483761,-0.03078276,-0.0003153401,-0.3965394,-0.1012768,2.604899,0.7054585,1.53179,0.3635473,-0.00902071,0.05123303,0.002340678,-1.370998,0.4615084,0.03019199,0.8623337,1.478489,0.281889,0.1754281,1.585355,0.2791727,293.2917,154.3466,101.5881,True
3,4.388882,-0.008602258,-0.01235029,-0.01006078,-1.106967,-4.669906,-1.420845,0.5055087,1.540274,0.4044337,-0.337055,-0.02794768,-0.04947338,-0.02441031,0.001783398,-0.3966635,-0.1011291,2.604943,0.7053305,1.531683,0.3638303,-0.002588407,0.05551162,0.007596722,-1.370799,0.4623497,0.02985324,0.8622631,1.478572,0.282316,0.1754188,1.585353,0.2792196,293.2691,154.3376,101.5502,True
3,4.399993,-0.01287641,-0.003733522,0.003718241,-1.10717,-4.669422,-1.420806,0.5053576,1.540175,0.4044862,-0.337463,-0.03684787,-0.0378086,-0.01055475,-0.006800335,-0.39619,-0.1014885,2.60526,0.7052282,1.531662,0.3640578,0.007059794,0.06724615,0.01495309,-1.370263,0.4634294,0.02916827,0.8621476,1.478611,0.28262,0.1754153,1.585346,0.2792211,293.281,154.3538,101.5085,True
3,4.411104,-0.0225037,0.01672776,0.03552631,-1.107807,-4.667702,-1.420966,0.5051838,1.540069,0.4044027,-0.3376776,-0.01910509,-0.03146596,-0.00842604,-0.01219325,-0.3957777,-0.1004066,2.604463,0.7051079,1.531751,0.364264,0.01137384,0.07685547,0.02234861,-1.369793,0.4646223,0.02872379,0.8620185,1.478606,0.2829227,0.1754026,1.585343,0.2792088,293.2986,154.4033,101.4344,True
3,4.422215,-0.02360003,0.02959727,0.04607167,-1.108498,-4.666813,-1.421134,0.5050172,1.539925,0.4044242,-0.3380904,-0.03741829,-0.03369745,-0.0243783,-0.02074261,-0.3957915,-0.0977986,2.602527,0.7049296,1.531782,0.3644836,0.007083137,0.07257767,0.018134,-1.369706,0.4652211,0.02864176,0.861957,1.478624,0.2832332,0.1753789,1.585345,0.2791826,293.3122,154.4848,101.343,True
3,4.433327,-0.02788291,0.04035264,0.06090592,-1.109121,-4.665359,-1.421339,0.5048255,1.539785,0.4043906,-0.3379962,0.009058424,-0.05821809,-0.04033341,-0.02058519,-0.3961101,-0.09469801,2.601131,0.7047333,1.531644,0.3647499,-0.0003749449,0.06938224,0.01820186,-1.369536,0.4659487,0.02884603,0.8619914,1.478743,0.2835226,0.1753657,1.585322,0.2791185,293.3322,154.5529,101.3227,True
3,4.444438,-0.03320083,0.04037907,0.06623762,-1.10945,-4.664368,-1.421273,0.5046222,1.539764,0.4044249,-0.3385102,-0.0470401,-0.08277252,-0.03710109,-0.02890689,-0.3957655,-0.09246469,2.600728,0.7045881,1.531664,0.365036,-0.0003599115,0.06831621,0.01927906,-1.369114,0.4666131,0.02865322,0.8618411,1.478839,0.2838125,0.175356,1.585285,0.2789854,293.3751,154.6508,101.3451,True
3,4.455549,-0.03426751,0.04145727,0.06836099,-1.109824,-4.663366,-1.421299,0.5044255,1.539657,0.4044032,-0.3384351,0.007316622,-0.07523344,-0.0147552,-0.02143498,-0.3954187,-0.09375779,2.602618,0.7043549,1.531781,0.365113,0.007080544,0.06511935,0.01815471,-1.368996,0.4671957,0.02830328,0.861676,1.478861,0.2841129,0.1753545,1.585232,0.2788678,293.4223,154.7188,101.3746,True
3,4.46666,-0.03107165,0.04470638,0.07365975,-1.110252,-4.662162,-1.421685,0.504204,1.5397,0.4044349,-0.3383765,0.005219155,-0.06133844,0.0001235493,-0.01830968,-0.3952387,-0.09472211,2.603733,0.7042202,1.531568,0.3652899,0.01245394,0.0672624,0.02449473,-1.368517,0.4679696,0.02791153,0.8615922,1.478943,0.2843552,0.1753477,1.585187,0.278766,293.4639,154.7924,101.3782,True
3,4.477772,-0.02574988,0.0501415,0.08426443,-1.110865,-4.660589,-1.422297,0.5040324,1.539502,0.4044633,-0.338443,-0.006145354,-0.05825054,-0.009437963,-0.02901902,-0.3948903,-0.09276376,2.602467,0.7040172,1.531636,0.3654535,0.005001619,0.06725326,0.02456032,-1.368165,0.4686521,0.02791153,0.8615335,1.478989,0.284626,0.1753256,1.58517,0.2786919,293.4922,154.8927,101.3194,True
3,4.488883,-0.02260621,0.06618319,0.09052489,-1.11196,-4.659026,-1.422835,0.5038188,1.539413,0.4044721,-0.3386577,-0.01966207,-0.06999557,-0.01263409,-0.03319725,-0.3946975,-0.09002376,2.60098,0.7037499,1.531794,0.3655512,-0.003565388,0.05978189,0.01931342,-1.368225,0.4691095,0.02822338,0.8615094,1.479016,0.2848775,0.1752792,1.585163,0.2786278,293.4917,155.0336,101.2208,True
3,4.499994,-0.01511796,0.05551288,0.08421075,-1.112172,-4.658138,-1.423264,0.5036652,1.539424,0.4045815,-0.3386369,0.001981232,-0.06575353,0.0001537874,-0.03745603,-0.3940626,-0.09018968,2.601759,0.7035921,1.531776,0.3657176,-0.003517987,0.06511441,0.02463429,-1.367692,0.4699273,0.02801566,0.8614575,1.479035,0.2851148,0.1752576,1.585137,0.2785885,293.4887,155.097,101.1941,True
3,4.511106,-0.009708293,0.0287912,0.07056756,-1.111583,-4.657823,-1.423476,0.5035537,1.539462,0.4046054,-0.3384356,0.01826415,-0.05504959,0.009715144,-0.03326497,-0.3935865,-0.09091486,2.602674,0.7034528,1.531732,0.3659067,-0.002292272,0.06516702,0.04379593,-1.366607,0.4707768,0.02779248,0.8613956,1.479077,0.2853429,0.1752501,1.585063,0.2785278,293.4916,155.1247,101.2384,True
3,4.522217,-0.003238,0.006397702,0.06435466,-1.110921,-4.657183,-1.423951,0.5034013,1.539546,0.4047146,-0.338475,-0.003889335,-0.05285987,0.006498475,-0.02689708,-0.3936104,-0.09093803,2.603072,0.7034442,1.531674,0.3660104,-0.002218481,0.05879306,0.05233385,-1.365736,0.4711927,0.02773842,0.861317,1.479121,0.285567,0.1752529,1.584997,0.2784635,293.511,155.1405,101.2862,True
