loc,t,aDotUA,bDotUA,gDotUA,aUA,bUA,gUA,xUA,yUA,zUA,qE,qDotE,aDotSH,bDotSH,gDotSH,aSH,bSH,gSH,xSH,ySH,zSH,aDotUB,bDotUB,gDotUB,aUB,bUB,gUB,xUB,yUB,zUB,xHand,yHand,zHand,aHand,bHand,gHand,enable
1,0,-0.2095251,-1.31645,-0.0514617,-1.41359,-4.066462,3.010346,0.5772018,1.250983,0.4979219,-1.492269,-0.03993354,-0.7960399,0.3123699,-0.4186192,-0.4485525,-4.077238,-0.1740317,0.5760151,1.490778,0.3916392,-0.1902437,0.6174042,0.2065417,-0.7607905,0.3045808,-0.06963208,0.6705523,1.532854,0.2457509,0.4033355,1.07378,0.290914,306.5439,230.754,353.032,False
1,0.01111111,-0.2502126,-1.237775,-0.0614614,-1.413986,-4.055137,3.01257,0.5745206,1.250345,0.4972334,-1.492647,-0.03431741,-0.7751769,0.3396337,-0.3696331,-0.4517627,-4.067441,-0.1749638,0.5741557,1.490113,0.3914075,-0.2008891,0.6291639,0.2065886,-0.7592608,0.3160047,-0.07518983,0.6698297,1.532697,0.2464306,0.403188,1.073294,0.2877214,306.5377,230.2005,352.8146,False
1,0.02222222,-0.2801214,-1.196236,-0.04995277,-1.415386,-4.04299,3.014801,0.571605,1.249628,0.4965792,-1.492498,0.01382618,-0.743949,0.3499939,-0.3422012,-0.4554011,-4.058992,-0.1754879,0.5722856,1.489514,0.3912895,-0.1987426,0.6334251,0.2076281,-0.7574925,0.3266302,-0.08081442,0.669091,1.532815,0.2470543,0.4034154,1.072607,0.2843502,306.5456,229.452,352.65,False
1,0.03333334,-0.2406803,-1.185271,-0.01385345,-1.418154,-4.030105,3.014249,0.5687835,1.248828,0.4957356,-1.490197,0.2101936,-0.7147496,0.3997165,-0.3133615,-0.4588184,-4.046881,-0.1791349,0.5703381,1.489011,0.390862,-0.1987082,0.6355704,0.2118832,-0.7556187,0.3376585,-0.08661026,0.6680923,1.532756,0.2474678,0.4038264,1.071721,0.2809247,306.5941,228.5893,352.4401,False
1,0.04444445,-0.1980364,-1.182917,0.009513915,-1.420885,-4.016649,3.012837,0.5659089,1.24799,0.4949257,-1.489887,0.02655167,-0.7050182,0.416691,-0.3048072,-0.4629208,-4.036482,-0.1807506,0.5686931,1.48828,0.3906295,-0.2071403,0.6292086,0.2226192,-0.7533422,0.348046,-0.09164976,0.667087,1.532825,0.2479899,0.4041778,1.070783,0.2775473,306.7819,227.8436,352.1302,False
1,0.05555556,-0.1384556,-1.145417,0.02092579,-1.423138,-4.00524,3.01047,0.563577,1.247323,0.4941051,-1.492652,-0.2528222,-0.6845033,0.4217803,-0.2815573,-0.4661166,-4.026696,-0.1825951,0.5669869,1.487696,0.3902194,-0.2218173,0.6100876,0.2536598,-0.7500623,0.3575518,-0.09563438,0.666244,1.532898,0.2482936,0.4043429,1.069971,0.2742035,306.9918,227.2537,351.8347,False
1,0.06666667,-0.1290191,-1.094333,0.01102246,-1.424271,-3.994304,3.010282,0.5612452,1.246727,0.4934404,-1.493666,-0.09057911,-0.6404518,0.4321128,-0.2521414,-0.469054,-4.015892,-0.1865962,0.5653663,1.48703,0.3898177,-0.2366636,0.6015918,0.2623183,-0.7474976,0.3674948,-0.09988479,0.6654366,1.532957,0.2486689,0.4045375,1.069363,0.2709313,307.0198,226.7797,351.6198,False
1,0.07777778,-0.1387346,-1.043236,0.008600526,-1.425569,-3.984297,3.010723,0.558934,1.246179,0.4927576,-1.494752,-0.09893507,-0.5826361,0.4477643,-0.230289,-0.4720474,-4.004507,-0.1920387,0.5637662,1.486614,0.3894024,-0.2505853,0.5824234,0.2560658,-0.74543,0.376508,-0.1031967,0.6646447,1.533033,0.2489429,0.4049483,1.068875,0.2677754,306.9052,226.306,351.4315,False
1,0.08888889,-0.1421118,-0.9644104,0.01131917,-1.426808,-3.97605,3.01127,0.5568837,1.245519,0.4920194,-1.492459,0.2102353,-0.5472512,0.438984,-0.2083746,-0.4745519,-3.995156,-0.1955322,0.5620707,1.48618,0.3890145,-0.2453447,0.5376714,0.2507659,-0.7432547,0.3835383,-0.1059342,0.6638714,1.533125,0.2492199,0.4056791,1.068404,0.2648982,306.7311,225.7807,351.2172,False
1,0.1,-0.1294601,-0.9025311,0.02157311,-1.428334,-3.968333,3.011086,0.5549306,1.245078,0.4912374,-1.491525,0.08342991,-0.510671,0.4012712,-0.1664513,-0.4754419,-3.988764,-0.1969354,0.5606434,1.485955,0.3885801,-0.2401152,0.4971765,0.2433088,-0.7413665,0.3898178,-0.1082274,0.6631047,1.533189,0.2493923,0.4064584,1.067818,0.2622633,306.6942,225.1876,350.972,False
1,0.1111111,-0.09971838,-0.8619116,0.0351413,-1.430297,-3.959957,3.010116,0.5529673,1.244758,0.4904566,-1.491549,-0.002827769,-0.4954378,0.349773,-0.1244003,-0.4758478,-3.984081,-0.1961003,0.5590723,1.485651,0.3881116,-0.2433604,0.4811964,0.2391029,-0.7393398,0.3973459,-0.1110352,0.6623347,1.533193,0.2496235,0.4070184,1.067135,0.259814,306.7891,224.6475,350.713,False
1,0.1222222,-0.07103427,-0.8266702,0.03808184,-1.431832,-3.951981,3.008803,0.5510555,1.244363,0.4897022,-1.492327,-0.07104066,-0.4804156,0.3154971,-0.1056623,-0.4769269,-3.979333,-0.1954523,0.5575831,1.485356,0.38762,-0.263683,0.4737487,0.2296897,-0.7377713,0.4050153,-0.1131127,0.6616259,1.533118,0.2496734,0.4072575,1.066443,0.2575724,306.9293,224.255,350.4805,False
1,0.1333333,-0.05966425,-0.6892391,0.03724437,-1.432647,-3.94842,3.008599,0.5496344,1.244037,0.4891458,-1.493,-0.06098265,-0.4664068,0.2950677,-0.08572949,-0.4777024,-3.97382,-0.1956454,0.5560112,1.485153,0.3870463,-0.2819361,0.4811994,0.2106668,-0.73665,0.4135229,-0.1157404,0.6608249,1.533152,0.2498152,0.407268,1.06586,0.2555845,307.069,223.9929,350.3273,False
1,0.1444445,-0.07708353,-0.5912412,0.04377256,-1.433949,-3.942973,3.008884,0.5479026,1.243646,0.4884734,-1.493284,-0.02577154,-0.4577191,0.3205523,-0.0771094,-0.4792886,-3.964281,-0.1992194,0.5544211,1.484808,0.3865981,-0.29481,0.4886574,0.1990522,-0.7354634,0.4223005,-0.1185772,0.6600784,1.533153,0.249995,0.4072084,1.065418,0.253816,307.1395,223.767,350.2733,False
1,0.1555556,-0.09964582,-0.4441923,0.05928813,-1.434971,-3.944964,3.011529,0.5465176,1.243546,0.4878397,-1.49261,0.0617199,-0.4308352,0.382212,-0.07054131,-0.4811091,-3.951004,-0.2071668,0.5529565,1.484643,0.386055,-0.3076866,0.4769413,0.1885314,-0.7342324,0.4298592,-0.1204183,0.6594104,1.533147,0.2500901,0.4071425,1.065054,0.2522427,307.1223,223.5064,350.218,False
1,0.1666667,-0.1062328,-0.3697028,0.05033242,-1.4355,-3.942794,3.012577,0.5449424,1.243355,0.4870286,-1.491637,0.08837527,-0.3931502,0.4245451,-0.0461262,-0.48221,-3.937765,-0.215769,0.551609,1.484516,0.3854315,-0.3025464,0.4662651,0.1672021,-0.7335176,0.4373629,-0.1228929,0.6587168,1.53308,0.2501602,0.4069363,1.064731,0.2509194,307.0951,223.3262,350.0567,False
1,0.1777778,-0.08712748,-0.3473484,0.03951936,-1.435951,-3.939847,3.012547,0.5432624,1.24321,0.4862738,-1.490171,0.1332939,-0.362983,0.4156832,-0.01350162,-0.4821989,-3.928219,-0.2212485,0.5502723,1.48436,0.3848491,-0.3112432,0.4524025,0.1481153,-0.7330729,0.4443049,-0.124302,0.6580718,1.533052,0.2502117,0.4063962,1.064404,0.2497022,307.1603,223.22,349.8358,False
1,0.1888889,-0.05405804,-0.3761538,0.02152727,-1.436333,-3.934026,3.011159,0.5415633,1.243041,0.4855678,-1.491112,-0.08711319,-0.3221785,0.3651879,0.02826277,-0.4811064,-3.922507,-0.2240581,0.5489366,1.484141,0.384187,-0.3157122,0.4300126,0.124747,-0.7329227,0.4504911,-0.1253244,0.6573849,1.53301,0.2501762,0.4052101,1.064211,0.2485954,307.3325,223.2944,349.564,False
1,0.2,-0.05192259,-0.3922878,-0.005018013,-1.436063,-3.928867,3.010929,0.5398417,1.242906,0.4848988,-1.492234,-0.1016829,-0.2968875,0.2980564,0.02106569,-0.4814953,-3.920409,-0.2233982,0.5475723,1.483967,0.3836513,-0.3241504,0.4204512,0.1344053,-0.7317663,0.457308,-0.1266325,0.6567137,1.532974,0.2500761,0.4035882,1.064254,0.2476054,307.3719,223.2898,349.6434,False
1,0.2111111,-0.07760038,-0.3669825,-0.03709473,-1.435009,-3.92533,3.012221,0.538187,1.242839,0.4842238,-1.493213,-0.08883321,-0.2964034,0.2845839,-0.02805523,-0.4841473,-3.915594,-0.2243391,0.5461211,1.483781,0.3830633,-0.3209093,0.423649,0.1386556,-0.7304939,0.4649102,-0.1289023,0.6560209,1.53297,0.2499402,0.4019082,1.06453,0.2467495,307.2217,223.2181,349.927,False
1,0.2222222,-0.1000818,-0.3298212,-0.04899806,-1.434434,-3.922861,3.013807,0.5364342,1.24281,0.4836013,-1.492078,0.1043985,-0.303975,0.3145774,-0.04585592,-0.4862719,-3.906318,-0.2288209,0.5446559,1.483706,0.3823786,-0.3157108,0.4161341,0.1279947,-0.7299421,0.471906,-0.1308166,0.6553745,1.532969,0.2498772,0.4005638,1.064891,0.2459705,306.9288,223.0687,350.2668,False
1,0.2333333,-0.1449854,-0.2649785,-0.05143908,-1.433989,-3.921858,3.016848,0.5346473,1.242678,0.4829459,-1.490552,0.1384217,-0.309024,0.3560315,-0.03163122,-0.4874213,-3.895289,-0.2349854,0.5432502,1.483692,0.3815937,-0.3072217,0.4001744,0.1215252,-0.7294137,0.477644,-0.1320041,0.6548128,1.532786,0.2497489,0.3995418,1.065136,0.2450915,306.704,222.8323,350.4792,False
1,0.2444444,-0.1942586,-0.172592,-0.07962653,-1.431843,-3.922552,3.020632,0.5327474,1.242569,0.4821386,-1.490297,0.02231388,-0.3149911,0.3856504,-0.00044287,-0.4876722,-3.883666,-0.2414507,0.541806,1.483733,0.3807945,-0.2935565,0.3852127,0.1022469,-0.7294227,0.4832795,-0.133287,0.6541895,1.532765,0.249562,0.3986183,1.065218,0.2440105,306.6654,222.5344,350.5222,False
1,0.2555556,-0.4013928,-0.01468191,-0.1303381,-1.428172,-3.927113,3.032546,0.5305604,1.242803,0.4813409,-1.489184,0.1017578,-0.3216591,0.3925965,0.06893502,-0.485743,-3.87229,-0.2476937,0.5405383,1.483854,0.3798563,-0.2873425,0.369203,0.08303833,-0.729631,0.4886889,-0.1343248,0.6536759,1.532707,0.2492759,0.3975793,1.065212,0.2427495,306.7383,222.2691,350.4156,False
1,0.2666667,-0.4462239,0.02678983,-0.121997,-1.427233,-3.928134,3.03881,0.5281342,1.242649,0.4800911,-1.488791,0.03524012,-0.3340577,0.3774284,0.1083745,-0.4843262,-3.863242,-0.2514671,0.5393149,1.484033,0.3789301,-0.275743,0.3404136,0.07124753,-0.7296587,0.4930416,-0.1349235,0.6531529,1.532662,0.2488241,0.3961614,1.065208,0.2413115,306.8421,222.0337,350.2795,False
1,0.2777778,-0.5135179,0.07537913,-0.1637362,-1.424077,-3.930009,3.046647,0.5255253,1.242666,0.4789062,-1.481706,0.6479486,-0.3607233,0.3700596,0.1075461,-0.4842745,-3.854364,-0.2543817,0.5382392,1.484158,0.3779497,-0.2662619,0.3169545,0.06160904,-0.7296609,0.497232,-0.1353799,0.6526778,1.532624,0.2484365,0.3940633,1.065329,0.2397906,306.9261,221.6563,350.2388,False
1,0.2888889,-0.5508659,0.07609163,-0.2062944,-1.420406,-3.930392,3.054086,0.5229045,1.242784,0.4776318,-1.486862,-0.476339,-0.3746099,0.3477194,0.1096613,-0.4838596,-3.846883,-0.2563828,0.5372091,1.484213,0.3769991,-0.2473056,0.2689639,0.04126181,-0.7300944,0.4991668,-0.1347077,0.6522011,1.532562,0.2478769,0.3906868,1.065921,0.2380551,307.1906,221.393,350.2452,False
1,0.3,-0.6245043,0.09149744,-0.2723311,-1.415064,-3.931471,3.063664,0.5199096,1.242831,0.4761403,-1.486808,0.01014068,-0.3950742,0.2700109,0.110348,-0.4827688,-3.845407,-0.2524946,0.5363705,1.484328,0.3760476,-0.228385,0.230559,0.01665165,-0.7307954,0.5011419,-0.1341155,0.6518219,1.532468,0.2473664,0.3864082,1.067323,0.2362686,307.0348,221.2716,350.5462,False
1,0.3111111,-0.6927028,0.06001409,-0.3402239,-1.409232,-3.930503,3.073506,0.516871,1.242948,0.4745061,-1.487455,-0.05929016,-0.414414,0.1623787,0.1235824,-0.4805397,-3.84813,-0.2448476,0.5356228,1.484303,0.3751261,-0.2168829,0.2049355,-0.003597537,-0.7316896,0.5035545,-0.1338244,0.6513999,1.532396,0.2468073,0.3816096,1.069537,0.2345699,306.5084,221.0957,351.1067,False
1,0.3222222,-0.7310987,0.04790689,-0.3901587,-1.403324,-3.93022,3.08299,0.5137523,1.243156,0.4731138,-1.486051,0.1292779,-0.4222288,0.05697054,0.11966,-0.4787767,-3.852882,-0.2355995,0.5347978,1.484338,0.3742273,-0.2094509,0.1996112,-0.007970022,-0.7322133,0.5061536,-0.1336601,0.6509421,1.532404,0.2462614,0.376579,1.072396,0.2329374,305.6896,220.752,351.8775,False
1,0.3333333,-0.8250341,0.08564356,-0.4520413,-1.396119,-3.931921,3.095589,0.5106341,1.243147,0.4713674,-1.485921,0.01121932,-0.4259313,-0.02913392,0.09666458,-0.4777317,-3.859613,-0.2247569,0.5338649,1.484386,0.3732622,-0.2061222,0.1911071,0.01013288,-0.7315949,0.5091273,-0.133581,0.650593,1.532281,0.2456176,0.3712672,1.075614,0.2311404,304.7796,220.2499,352.7582,False
1,0.3444445,-0.8710082,0.1354487,-0.4757054,-1.390105,-3.934852,3.10721,0.5076368,1.243308,0.4698267,-1.487017,-0.09985496,-0.4389007,-0.04710209,0.08494917,-0.4770478,-3.860718,-0.2184317,0.5328662,1.48448,0.372215,-0.2081544,0.1932555,0.0218663,-0.7312646,0.5126459,-0.1337735,0.6501626,1.532222,0.2450109,0.3659287,1.079059,0.2291435,303.871,219.6066,353.7284,False
1,0.3555556,-0.9234651,0.2192793,-0.5091529,-1.383024,-3.940068,3.120326,0.5041965,1.243481,0.4679952,-1.485002,0.185654,-0.4655345,-0.03954709,0.08316933,-0.476236,-3.860566,-0.2124342,0.5317862,1.484606,0.3710685,-0.2134981,0.1847382,0.02085487,-0.7313306,0.515339,-0.1332095,0.6496698,1.53212,0.2442915,0.3607113,1.082578,0.2269992,302.9472,218.8553,354.6704,False
1,0.3666667,-0.9652406,0.3032493,-0.5202467,-1.376808,-3.945843,3.13341,0.5007477,1.243687,0.4662759,-1.486637,-0.1506864,-0.4705496,-0.0269312,0.1078252,-0.4742983,-3.85921,-0.2082762,0.5307376,1.484699,0.3698871,-0.2189357,0.1794006,0.008126779,-0.7318585,0.5179296,-0.1325319,0.6492154,1.531999,0.2435915,0.3554133,1.086033,0.2245939,302.1456,218.0665,355.5454,False
1,0.3777778,-0.9984526,0.3788034,-0.5206479,-1.370888,-3.952557,-3.136287,0.497144,1.243945,0.4644268,-1.486435,0.02050515,-0.478797,-0.001480699,0.1262157,-0.472538,-3.856616,-0.2049579,0.5295719,1.484914,0.3687537,-0.2242846,0.1740736,0.006044172,-0.732136,0.5205259,-0.131802,0.6487068,1.53196,0.2428975,0.3500502,1.089481,0.2221206,301.4202,217.3063,356.3099,False
1,0.3888889,-1.036969,0.4447504,-0.5209797,-1.365214,-3.959657,-3.122186,0.493492,1.244173,0.4624405,-1.487139,-0.06432858,-0.5042153,0.0401274,0.1289511,-0.4714749,-3.852017,-0.2026029,0.5283762,1.485012,0.3675008,-0.2232246,0.1793972,0.004976053,-0.7322186,0.5237877,-0.1317405,0.6480672,1.531949,0.2421432,0.3442882,1.0929,0.219567,300.7853,216.5096,357.065,False
1,0.4,-1.066909,0.4872631,-0.5254508,-1.359399,-3.966638,-3.108034,0.4899354,1.244402,0.4605007,-1.487569,-0.03827133,-0.5126439,0.06464159,0.1313565,-0.4703915,-3.84803,-0.2001435,0.5271618,1.485145,0.366276,-0.2222137,0.1825819,-0.002499217,-0.732838,0.5268468,-0.1316355,0.6474833,1.531962,0.2414093,0.3381345,1.096404,0.2171535,300.1664,215.7897,357.8362,False
1,0.4111111,-1.104338,0.5382329,-0.5352846,-1.353481,-3.974523,-3.092888,0.4861277,1.244668,0.4583254,-1.487592,-0.001533072,-0.5191078,0.08819586,0.1188291,-0.4698109,-3.843862,-0.1978702,0.5258294,1.4853,0.3648293,-0.2168696,0.1900347,-0.001480284,-0.7330521,0.5303139,-0.1320283,0.6468112,1.532067,0.2404907,0.3315562,1.100048,0.2149362,299.53,215.1818,358.6809,False
1,0.4222222,-1.12146,0.567986,-0.5407693,-1.347639,-3.982197,-3.078394,0.4824565,1.244951,0.4561892,-1.488007,-0.03759275,-0.5224525,0.0936541,0.1039838,-0.4694647,-3.841124,-0.1944696,0.5246456,1.485324,0.3634727,-0.212494,0.1921816,0.01233835,-0.7326532,0.5337909,-0.1323679,0.6463141,1.53203,0.2396834,0.3246451,1.103878,0.2129326,298.852,214.6308,359.678,False
1,0.4333333,-1.148244,0.6243222,-0.5463865,-1.342107,-3.99136,-3.062963,0.4786717,1.245366,0.4538217,-1.487727,0.02617569,-0.5374203,0.09907365,0.09779866,-0.4688735,-3.837966,-0.1908786,0.5231774,1.485456,0.3620524,-0.2080377,0.1794221,0.03681272,-0.7317131,0.5362921,-0.1321157,0.6454361,1.532143,0.2387094,0.3175609,1.10791,0.2111278,298.1291,214.0357,0.8412082,False
1,0.4444444,-1.161068,0.6402578,-0.5443276,-1.336935,-3.999404,-3.047937,0.4749175,1.245766,0.451566,-1.488749,-0.09333098,-0.5576578,0.1012725,0.09804904,-0.4678892,-3.834724,-0.186874,0.5218787,1.48572,0.3606515,-0.2015515,0.176229,0.04848569,-0.7310318,0.539158,-0.1322606,0.6446874,1.532247,0.2377901,0.3102751,1.112135,0.2093556,297.407,213.4116,2.079756,False
1,0.4555556,-1.176032,0.6636824,-0.5401895,-1.331841,-4.00829,-3.03238,0.4709362,1.246254,0.4491057,-1.488663,0.00888351,-0.583359,0.1110502,0.083493,-0.4677725,-3.831166,-0.1826612,0.5202663,1.485847,0.3591564,-0.1992695,0.1741155,0.06657482,-0.7300593,0.5421646,-0.1323831,0.6436341,1.532344,0.2368648,0.3029693,1.116561,0.207617,296.6534,212.7424,3.376604,False
1,0.4666667,-1.182455,0.6743068,-0.5381204,-1.326811,-4.016708,-3.017038,0.4671375,1.246622,0.4467456,-1.489154,-0.04475871,-0.5994275,0.1207731,0.07309435,-0.4675872,-3.82723,-0.1790281,0.5186496,1.485894,0.357589,-0.1960149,0.1762466,0.07294893,-0.7292017,0.5453539,-0.1327351,0.6427134,1.53235,0.2359185,0.2956353,1.121178,0.2058086,295.9006,212.0798,4.658686,False
1,0.4777778,-1.180372,0.6945607,-0.5371839,-1.321896,-4.026079,-3.001672,0.4631449,1.247013,0.4442456,-1.489199,-0.003564358,-0.6024017,0.1633281,0.08197293,-0.4670103,-3.819788,-0.1788483,0.5168552,1.485967,0.3559749,-0.202289,0.1815947,0.08577244,-0.7282334,0.5488352,-0.1329256,0.6415171,1.532393,0.2348366,0.2884296,1.125961,0.2039205,295.1145,211.3293,6.000561,False
1,0.4888889,-1.16981,0.736208,-0.5225341,-1.317893,-4.036442,-2.986403,0.4591701,1.247344,0.4417787,-1.489602,-0.03664671,-0.5648353,0.2185334,0.09264614,-0.4663717,-3.809764,-0.1826976,0.5149588,1.485893,0.3544486,-0.2043082,0.191201,0.09856157,-0.7270744,0.552797,-0.1334656,0.6403701,1.532494,0.2338238,0.2813183,1.130865,0.2018612,294.3126,210.4429,7.411631,False
1,0.5,-1.161352,0.7714816,-0.5067756,-1.314327,-4.047238,-2.971059,0.4552172,1.247695,0.4394073,-1.490106,-0.04564498,-0.528679,0.2408899,0.08070017,-0.466516,-3.802126,-0.1848356,0.5131122,1.485931,0.3528259,-0.2083324,0.1869799,0.1273627,-0.7249657,0.5561908,-0.1335599,0.6391312,1.532512,0.232686,0.2744196,1.135833,0.1997,293.4789,209.3706,8.930877,False
1,0.5111111,-1.152974,0.8430705,-0.4731237,-1.312273,-4.05983,-2.955378,0.4513726,1.24793,0.4370368,-1.490692,-0.05307869,-0.5190856,0.276086,0.07128121,-0.4667968,-3.793017,-0.1876514,0.5112151,1.48588,0.3511074,-0.1986281,0.1784613,0.1432707,-0.7231175,0.5590579,-0.1337466,0.6380111,1.532569,0.2315743,0.2676037,1.140797,0.1974266,292.658,208.1748,10.45984,False
1,0.5222223,-1.173411,0.9336992,-0.447015,-1.31048,-4.073755,-2.938398,0.4477251,1.248231,0.4346397,-1.49092,-0.02023274,-0.5340385,0.2772281,0.06719503,-0.4666822,-3.786318,-0.1872303,0.5094365,1.485823,0.3494837,-0.1922323,0.1699342,0.1442863,-0.7218578,0.5617008,-0.1339003,0.6367881,1.532586,0.2304459,0.26083,1.145719,0.1951832,291.8515,206.9874,11.92162,False
1,0.5333334,-1.212935,0.9859037,-0.4291569,-1.309112,-4.087417,-2.920279,0.4439329,1.248582,0.4322865,-1.491137,-0.01978641,-0.5543608,0.2656032,0.06306843,-0.4665981,-3.780578,-0.1855861,0.5074313,1.485802,0.3478048,-0.2018074,0.1678142,0.1454414,-0.7204629,0.5647116,-0.1337205,0.6355015,1.532574,0.2291934,0.2540603,1.150578,0.1931133,291.0829,205.8565,13.32859,False
1,0.5444446,-1.24496,1.0254,-0.3963555,-1.3084,-4.100469,-2.902222,0.4402598,1.248922,0.4298089,-1.490291,0.07770151,-0.5584968,0.2612818,0.07267682,-0.4659504,-3.774283,-0.1854383,0.5054394,1.485783,0.3461978,-0.203886,0.171019,0.15079,-0.7188522,0.5681452,-0.1340281,0.634199,1.532598,0.2280366,0.2472,1.155389,0.1913258,290.3406,204.9208,14.62004,False
1,0.5555557,-1.228952,1.031992,-0.370857,-1.30792,-4.112782,-2.886269,0.4363697,1.249287,0.4273868,-1.48914,0.1045454,-0.5189172,0.2621111,0.08715537,-0.4651254,-3.767337,-0.1872266,0.5032555,1.485728,0.3444831,-0.2070177,0.1806177,0.1571971,-0.7172665,0.5719996,-0.134548,0.6326766,1.532686,0.2268188,0.2401606,1.160231,0.1898622,289.674,204.1183,15.91093,False
1,0.5666668,-1.20551,1.037422,-0.3634689,-1.307194,-4.125465,-2.870357,0.4321806,1.249667,0.424746,-1.489173,-0.003666891,-0.4933829,0.2503416,0.08463827,-0.4649059,-3.761731,-0.1878977,0.5011092,1.48561,0.3428092,-0.2058067,0.1870341,0.174223,-0.715103,0.5761121,-0.1353605,0.6310121,1.532833,0.2256238,0.2329017,1.165241,0.1886527,289.0624,203.4377,17.24001,False
1,0.577778,-1.177788,1.027889,-0.3645222,-1.306155,-4.137727,-2.854813,0.4281047,1.250008,0.4221299,-1.491308,-0.1950122,-0.4668355,0.2311073,0.08206561,-0.4644729,-3.757044,-0.1876754,0.4987901,1.485462,0.3409581,-0.2054913,0.1987945,0.2104281,-0.7118443,0.5808911,-0.1366641,0.6292554,1.532924,0.2243161,0.2255709,1.170535,0.1876037,288.4109,202.7865,18.69155,False
1,0.5888891,-1.156463,1.022642,-0.3602594,-1.305694,-4.149878,-2.839587,0.4240741,1.250331,0.4195695,-1.491751,-0.03873045,-0.4626543,0.2215424,0.07768758,-0.4641283,-3.751826,-0.1873044,0.4963387,1.485506,0.3390231,-0.1968153,0.2158429,0.226318,-0.7092642,0.585974,-0.1386878,0.6274911,1.533063,0.2230649,0.2182832,1.176064,0.1866163,287.6235,201.7658,20.51801,False
1,0.6000003,-1.126577,1.004688,-0.3463524,-1.30559,-4.161285,-2.825105,0.4202185,1.250547,0.4170511,-1.491999,-0.02253029,-0.4915225,0.2099639,0.07152552,-0.4639232,-3.747309,-0.1848841,0.4938737,1.485348,0.3370864,-0.1903176,0.2233065,0.2379738,-0.706633,0.5907908,-0.140498,0.6257309,1.533168,0.2217951,0.2109896,1.181698,0.1855567,286.7568,200.2946,22.73739,False
1,0.6111114,-1.081796,0.9995841,-0.3282731,-1.306158,-4.172932,-2.81166,0.4161947,1.250812,0.4144585,-1.492238,-0.02179594,-0.5361109,0.2356464,0.0795721,-0.4633858,-3.739963,-0.1844202,0.491522,1.485274,0.3351469,-0.1953981,0.2265402,0.2678419,-0.7031001,0.595514,-0.1416594,0.6239212,1.533302,0.2205138,0.2038669,1.18729,0.184478,285.8897,198.4523,25.26391,False
1,0.6222225,-1.003996,0.9891918,-0.3155361,-1.306685,-4.1845,-2.799621,0.4119657,1.251019,0.4118171,-1.492697,-0.0419217,-0.5529578,0.2664905,0.08969832,-0.4627754,-3.729229,-0.1867139,0.4888863,1.485093,0.3331327,-0.2111692,0.2351069,0.2924588,-0.6995144,0.6008022,-0.1427241,0.6219651,1.533456,0.2192786,0.197051,1.192712,0.183425,285.0616,196.5033,27.85134,False
1,0.6333337,-0.8580003,0.9748431,-0.2910712,-1.308419,-4.19579,-2.791582,0.4080253,1.251384,0.4096065,-1.493657,-0.08746003,-0.5540943,0.3241928,0.0677809,-0.4639046,-3.717025,-0.1913529,0.4861298,1.484939,0.3309765,-0.2132188,0.2521628,0.2999135,-0.6964102,0.6068784,-0.1448781,0.6200616,1.533533,0.2180588,0.1906102,1.19785,0.1823771,284.3001,194.5363,30.41643,False
1,0.6444448,-0.8367047,0.9770117,-0.2943114,-1.309053,-4.207812,-2.7796,0.404031,1.251672,0.4070492,-1.494846,-0.1082324,-0.5592419,0.3465003,0.0786746,-0.4634753,-3.706199,-0.1944869,0.4834491,1.48478,0.3288767,-0.2195864,0.2617537,0.3010103,-0.6936603,0.6124717,-0.1465862,0.6181256,1.533476,0.2168558,0.1843497,1.202634,0.1812248,283.6252,192.5112,32.9449,False
1,0.655556,-0.8068256,0.9590924,-0.2792819,-1.310635,-4.218926,-2.768259,0.4001321,1.252111,0.4047287,-1.49837,-0.3216488,-0.5866215,0.3687809,0.1015227,-0.4625053,-3.694503,-0.1974582,0.4806698,1.48465,0.3267033,-0.2335149,0.2777348,0.2893892,-0.6914328,0.6188172,-0.1484006,0.6161969,1.533455,0.2157323,0.1781985,1.206985,0.180032,283.0564,190.4868,35.34797,False
1,0.6666671,-0.7864833,0.9111691,-0.2843424,-1.3108,-4.228156,-2.757769,0.3961923,1.252447,0.4024115,-1.494363,0.3685818,-0.6335043,0.4020203,0.09270626,-0.4629602,-3.682137,-0.199818,0.477891,1.484551,0.3246355,-0.2484445,0.289465,0.2873659,-0.6888959,0.624971,-0.1497839,0.6142302,1.533615,0.214509,0.1723119,1.21073,0.1790923,282.5185,188.407,37.74466,False
1,0.6777782,-0.7351363,0.8389679,-0.2658833,-1.311275,-4.235607,-2.749415,0.3922617,1.252875,0.3999932,-1.493767,0.050619,-0.6674809,0.4265987,0.09646808,-0.4629053,-3.669129,-0.2027419,0.4751092,1.484475,0.3224916,-0.2654618,0.3139857,0.287479,-0.6863605,0.6325909,-0.1520636,0.6122831,1.533633,0.2134995,0.1662778,1.213938,0.1782418,282.1933,187.1213,39.41212,False
1,0.6888894,-0.6741151,0.7219564,-0.2663474,-1.310174,-4.240859,-2.742475,0.388478,1.253193,0.3973823,-1.493792,-0.002551683,-0.7099451,0.4714512,0.09941518,-0.4630784,-3.65367,-0.2070182,0.4722702,1.484334,0.3203061,-0.2867662,0.3406387,0.2833661,-0.6840239,0.6406576,-0.1544745,0.6103836,1.533676,0.2124534,0.1601845,1.216829,0.1775227,282.0047,186.5986,40.41856,False
1,0.7000005,-0.6163653,0.6390107,-0.2670312,-1.308996,-4.246477,-2.736023,0.3848234,1.253473,0.3948298,-1.49512,-0.1217222,-0.7055359,0.5012269,0.1049186,-0.4631748,-3.638707,-0.2127139,0.4694973,1.484207,0.3182082,-0.2986174,0.3566099,0.2653356,-0.6824515,0.648347,-0.1566919,0.6084725,1.533701,0.2114973,0.1541902,1.219534,0.1768523,281.8662,186.2336,41.3876,False
1,0.7111117,-0.5683019,0.5933578,-0.2615056,-1.308461,-4.252369,-2.72977,0.3813853,1.25374,0.3927064,-1.495678,-0.05030109,-0.6607915,0.5427266,0.09409746,-0.4641213,-3.621819,-0.2219481,0.4666981,1.484012,0.3160727,-0.3167948,0.3928416,0.2505456,-0.681079,0.6578218,-0.1600176,0.6065483,1.533691,0.2104549,0.1485172,1.222095,0.1760914,281.6694,185.6833,42.63002,False
1,0.7222228,-0.5277764,0.5882537,-0.2423573,-1.309286,-4.259655,-2.723166,0.3780639,1.253984,0.3905807,-1.495784,-0.009765266,-0.6109126,0.5715375,0.06927137,-0.4658215,-3.605913,-0.230932,0.46411,1.483794,0.3140562,-0.3028563,0.3949633,0.2610668,-0.6786054,0.665416,-0.1630672,0.6045531,1.533856,0.2094111,0.1433647,1.224419,0.1750492,281.4631,184.5183,44.44339,False
1,0.7333339,-0.5117702,0.5808689,-0.2370104,-1.309554,-4.266527,-2.716214,0.3748016,1.254287,0.3886054,-1.495526,0.02332229,-0.582425,0.5929864,0.03928026,-0.4681502,-3.590348,-0.2391596,0.4614593,1.483585,0.3120136,-0.2783537,0.388545,0.2619353,-0.6763609,0.6727026,-0.1664638,0.6026523,1.533929,0.208329,0.1387625,1.226462,0.1736882,281.3219,183.0168,46.30202,False
1,0.7444451,-0.4798802,0.6140099,-0.2329926,-1.310585,-4.27529,-2.709618,0.3716585,1.254576,0.3867536,-1.494994,0.04807754,-0.5474102,0.6004373,0.02614811,-0.4700543,-3.575564,-0.247066,0.4588179,1.483365,0.3100243,-0.2495582,0.3661457,0.269164,-0.6738468,0.6786282,-0.1693102,0.6006973,1.534094,0.207294,0.1346225,1.228259,0.1721549,281.2394,181.7163,47.63537,False
1,0.7555562,-0.4340294,0.6056917,-0.2180953,-1.311525,-4.28212,-2.704602,0.3686477,1.254815,0.3849645,-1.494038,0.08674544,-0.4684681,0.5915827,0.03799205,-0.4708437,-3.561728,-0.2570273,0.4565725,1.483262,0.3082311,-0.232565,0.3203189,0.2690766,-0.6712252,0.6825895,-0.1704213,0.5989673,1.534122,0.206109,0.1306337,1.229952,0.1705741,281.1765,180.79,48.46594,False
1,0.7666674,-0.3785689,0.5899391,-0.2031697,-1.312447,-4.288384,-2.70073,0.3655608,1.255127,0.3831463,-1.494392,-0.03340711,-0.4044796,0.5518267,0.05614684,-0.4708101,-3.551046,-0.264098,0.4543627,1.483149,0.3064902,-0.2188326,0.2925898,0.2583162,-0.6694255,0.6866446,-0.1716397,0.5971264,1.534213,0.2049055,0.1266087,1.231679,0.1690953,281.1706,179.9907,49.17248,False
1,0.7777785,-0.3293741,0.5155004,-0.2017376,-1.311716,-4.292009,-2.697988,0.36277,1.255334,0.3814757,-1.495127,-0.06716658,-0.3798814,0.487635,0.08201246,-0.4700336,-3.543043,-0.2677196,0.4524285,1.48301,0.3048394,-0.1838878,0.256306,0.2378275,-0.6678169,0.6895695,-0.1731577,0.5954927,1.534197,0.2037327,0.1224655,1.233542,0.1679547,281.1308,179.0967,50.0669,False
1,0.7888896,-0.2684452,0.4314771,-0.2056,-1.31022,-4.294915,-2.696189,0.3600851,1.255638,0.3798659,-1.495729,-0.05478465,-0.3573542,0.39884,0.1215611,-0.4679504,-3.537999,-0.2686765,0.4504331,1.482936,0.3033183,-0.1583891,0.2211209,0.2291147,-0.6661679,0.6923335,-0.1748783,0.5939179,1.534215,0.2026091,0.1183092,1.235483,0.1672518,280.9777,178.0108,51.37748,False
1,0.8000008,-0.226638,0.3314659,-0.2018799,-1.308434,-4.296286,-2.694599,0.3575146,1.255883,0.3783784,-1.495718,0.001102918,-0.3096888,0.2964079,0.1255791,-0.4665096,-3.53596,-0.268249,0.4486772,1.482746,0.3016863,-0.1361064,0.1965739,0.221498,-0.6642499,0.6950408,-0.1762389,0.5923816,1.53416,0.2015772,0.1142212,1.237364,0.1669121,280.7487,176.6483,53.1882,False
1,0.8111119,-0.1912844,0.2516408,-0.204657,-1.306329,-4.297378,-2.693396,0.3551621,1.256034,0.37692,-1.495918,-0.01887044,-0.2845514,0.232581,0.1035032,-0.4662119,-3.534699,-0.2670477,0.4467891,1.482581,0.300215,-0.1265042,0.1784575,0.224631,-0.6620293,0.6980471,-0.1776118,0.5907087,1.534044,0.2005646,0.1104892,1.238941,0.1667921,280.5547,175.1013,55.31873,False
1,0.8222231,-0.1688457,0.2293766,-0.1971003,-1.305527,-4.300302,-2.691352,0.3527132,1.256147,0.3755167,-1.495218,0.06383452,-0.269035,0.1858946,0.07527311,-0.4666439,-3.53264,-0.2660804,0.4448953,1.482353,0.2988455,-0.1146563,0.1678149,0.2415726,-0.659281,0.7013778,-0.1792912,0.5889182,1.534042,0.1993184,0.1071578,1.240073,0.1666527,280.4531,173.7782,57.1757,False
1,0.8333342,-0.1251253,0.2221306,-0.1800752,-1.305135,-4.302956,-2.690742,0.3509324,1.256105,0.3743427,-1.494956,0.02299535,-0.2363775,0.197794,0.03878054,-0.4680639,-3.527609,-0.2689883,0.4431506,1.482134,0.2975583,-0.1039963,0.1433061,0.2457754,-0.6566167,0.7035494,-0.180202,0.5873687,1.533998,0.1982214,0.1042264,1.2407,0.1662747,280.4287,173.0579,58.30286,False
1,0.8444453,-0.09956048,0.2265477,-0.165229,-1.305094,-4.306204,-2.689376,0.3489457,1.256237,0.3731134,-1.494141,0.07403101,-0.1929713,0.2127914,0.01178502,-0.4695526,-3.521223,-0.2737125,0.4413853,1.481946,0.2961977,-0.09988448,0.1241216,0.234039,-0.6547067,0.7056311,-0.1804736,0.5858927,1.533953,0.1970465,0.1015893,1.240857,0.1655178,280.5003,172.8872,58.65994,False
1,0.8555565,-0.05266604,0.2375201,-0.1312703,-1.306138,-4.309147,-2.689641,0.3472283,1.256274,0.372035,-1.495014,-0.08065966,-0.09070601,0.2573188,-0.0007245541,-0.4711452,-3.512415,-0.283902,0.4398366,1.481855,0.2949982,-0.09263611,0.09638898,0.2127064,-0.653095,0.7063093,-0.180247,0.5844254,1.533921,0.195971,0.09906841,1.240708,0.1644482,280.6208,173.4167,58.09367,False
1,0.8666676,-0.01427093,0.2431909,-0.08980826,-1.307726,-4.311736,-2.689951,0.3456104,1.256305,0.3710935,-1.494122,0.08206993,-0.0607326,0.2677997,0.0107507,-0.4715063,-3.504892,-0.2906462,0.4381667,1.481827,0.2937191,-0.09592865,0.09001574,0.2084739,-0.6511535,0.7087057,-0.1802459,0.5830148,1.533825,0.1946533,0.09685554,1.240322,0.1633455,280.7484,174.1749,57.216,False
1,0.8777788,0.02732199,0.2381114,-0.06746283,-1.308738,-4.314227,-2.690817,0.3441702,1.256366,0.3701456,-1.495148,-0.09496837,-0.0475304,0.2557166,0.05205429,-0.4703547,-3.498905,-0.2957238,0.4366551,1.482007,0.2926044,-0.09926918,0.08680202,0.1914603,-0.6498023,0.7105986,-0.1805205,0.5816175,1.533826,0.1936934,0.09468686,1.239903,0.1622583,280.8856,175.2555,55.99342,False
1,0.8888899,0.04865407,0.2350445,-0.05469152,-1.309658,-4.316604,-2.691456,0.3428521,1.256368,0.3691065,-1.494797,0.03275589,-0.04491727,0.2254804,0.1039945,-0.4681102,-3.494114,-0.2994975,0.4351674,1.482164,0.2915552,-0.09421916,0.1048941,0.1626443,-0.649161,0.7144457,-0.1819251,0.5802742,1.533679,0.1926548,0.09265922,1.239516,0.1613873,280.9413,176.2025,54.95111,False
1,0.900001,0.07957994,0.2277734,-0.03869215,-1.311038,-4.318788,-2.692607,0.3418347,1.256342,0.3683476,-1.494828,-0.003555366,-0.05214251,0.2050548,0.130549,-0.466442,-3.489425,-0.3028123,0.4337389,1.482248,0.2904449,-0.07743475,0.1027527,0.1390851,-0.648419,0.7173251,-0.1830668,0.5790726,1.53367,0.1918266,0.09074905,1.239195,0.1607916,280.9211,177.0496,54.11324,False
1,0.9111122,0.1051773,0.2268851,-0.01954814,-1.312506,-4.320894,-2.694099,0.3410021,1.256196,0.3675234,-1.494164,0.06048552,-0.06172482,0.1847988,0.1369014,-0.4651206,-3.485088,-0.3055842,0.4325066,1.482306,0.2894435,-0.06264633,0.1005868,0.1240512,-0.6477713,0.7192582,-0.1844239,0.5777625,1.533687,0.1910431,0.08893295,1.238932,0.1604517,280.8855,177.6043,53.69127,False
1,0.9222233,0.1371338,0.244164,0.003754269,-1.314811,-4.323782,-2.695882,0.3401224,1.256022,0.3666971,-1.494173,-0.001684216,-0.06309967,0.1967643,0.1061125,-0.4659312,-3.479352,-0.3098937,0.4311601,1.482197,0.2885914,-0.05634817,0.09315056,0.1240246,-0.6462879,0.7217117,-0.1847392,0.576476,1.533879,0.1900325,0.08720808,1.238708,0.1603143,280.8371,178.1164,53.38353,False
1,0.9333345,0.1647889,0.278497,0.03334193,-1.317796,-4.327129,-2.697754,0.3394553,1.255743,0.3659787,-1.494151,0.001944866,-0.0313479,0.2662002,0.06900704,-0.4679616,-3.468563,-0.3201615,0.4299405,1.482086,0.2877483,-0.0541831,0.08463266,0.1293443,-0.6448269,0.7232981,-0.185478,0.5752026,1.533877,0.1891422,0.08570498,1.238475,0.1603931,280.7464,178.6586,53.07458,False
1,0.9444456,0.1828683,0.2978361,0.05237831,-1.320571,-4.330386,-2.699341,0.338688,1.255413,0.3651979,-1.494276,-0.01174719,0.01216285,0.3014002,0.04534729,-0.4697044,-3.459478,-0.3297614,0.428758,1.482053,0.2869167,-0.04039696,0.04735936,0.1378446,-0.6423172,0.723341,-0.1843294,0.5739254,1.534112,0.1884995,0.08436049,1.238192,0.1605806,280.6197,179.1852,52.80046,False
1,0.9555568,0.1967272,0.3075955,0.07573794,-1.323692,-4.333195,-2.701347,0.3383225,1.255077,0.3646574,-1.49413,0.01312187,0.08418514,0.3206928,0.002084911,-0.4725843,-3.451582,-0.3402867,0.4277586,1.481926,0.286284,-0.01489173,0.004718438,0.1355584,-0.6406463,0.7215335,-0.1835778,0.5727905,1.534092,0.1876037,0.08303183,1.237837,0.1608049,280.4649,179.7909,52.40998,False
1,0.9666679,0.1892905,0.3066187,0.09175214,-1.326768,-4.335744,-2.702477,0.3380054,1.254824,0.3642018,-1.493464,0.06055447,0.1262012,0.2537387,-0.03512645,-0.4743287,-3.451308,-0.3433193,0.4268675,1.481871,0.285929,0.00746619,-0.02398969,0.1396972,-0.6388252,0.7217945,-0.1835182,0.5713712,1.534004,0.1867871,0.08169882,1.237365,0.161079,280.2904,180.5342,51.87307,False
1,0.977779,0.1786942,0.2939294,0.1088892,-1.329728,-4.337977,-2.703554,0.337853,1.254486,0.3636885,-1.493405,0.004708096,0.1258205,0.1867585,-0.05268121,-0.4752917,-3.452036,-0.3439915,0.4258814,1.481916,0.2854035,0.02444794,-0.04214589,0.1395786,-0.6368949,0.7199799,-0.1831411,0.5703651,1.534001,0.1859946,0.08035004,1.236756,0.1613786,280.1433,181.5654,51.06657,False
1,0.9888902,0.1691398,0.2800506,0.1079193,-1.331945,-4.339994,-2.704652,0.3377966,1.254081,0.3633118,-1.492236,0.1066882,0.1220917,0.08252759,-0.07368323,-0.4759005,-3.458264,-0.3396785,0.425124,1.481866,0.2850935,0.03492495,-0.06025575,0.1288892,-0.6352582,0.7189654,-0.1820183,0.5694021,1.533936,0.1853733,0.07923347,1.235981,0.1617826,280.0287,183.02,49.84027,False
1,1.000001,0.1691354,0.2768596,0.1058112,-1.334353,-4.342583,-2.705843,0.3377526,1.25368,0.3628953,-1.49183,0.03608446,0.1387893,0.004791856,-0.08511452,-0.4763213,-3.463675,-0.3369341,0.4244731,1.481864,0.2847545,0.03477897,-0.06026947,0.1150303,-0.6344928,0.7181925,-0.181279,0.5684608,1.534083,0.185055,0.07832226,1.235132,0.1622127,279.96,184.9035,48.19519,False
1,1.011112,0.1712256,0.2853124,0.09297484,-1.336339,-4.345548,-2.707122,0.3378074,1.253283,0.3625851,-1.491691,0.01249608,0.1598763,-0.02500689,-0.0972949,-0.4773088,-3.467364,-0.3361429,0.4237161,1.481743,0.2843974,0.03151114,-0.0453655,0.1043849,-0.6337205,0.7184456,-0.1817408,0.5675696,1.53411,0.1844931,0.07763761,1.234286,0.1625941,279.9168,186.6489,46.69212,False
1,1.022224,0.1860539,0.3162223,0.08744565,-1.338989,-4.349562,-2.708712,0.3378305,1.252908,0.3623259,-1.491847,-0.01441742,0.1745382,-0.03554438,-0.1167087,-0.4789882,-3.469394,-0.3365916,0.4230082,1.481647,0.283988,0.03149809,-0.03685308,0.1065491,-0.6317289,0.7185132,-0.1816159,0.5665464,1.533934,0.1837881,0.07716027,1.23349,0.162888,279.8957,187.9213,45.58971,False
1,1.033335,0.1988559,0.3087994,0.08746544,-1.34118,-4.352122,-2.710709,0.3377146,1.252387,0.3620791,-1.491974,-0.01145229,0.1542973,-0.02053487,-0.120628,-0.4804406,-3.469617,-0.3373655,0.4222473,1.481458,0.2835314,0.04006764,-0.02300706,0.110724,-0.6303745,0.7193404,-0.183001,0.5657686,1.533941,0.1833482,0.07677635,1.232789,0.1630989,279.8647,188.8246,44.76513,False
1,1.044446,0.201061,0.2821937,0.0908088,-1.343051,-4.353741,-2.712649,0.3375595,1.252024,0.3619149,-1.492441,-0.04269385,0.1427577,-0.007816032,-0.1076193,-0.4812518,-3.469447,-0.3387006,0.4214751,1.481315,0.2832036,0.03789452,-0.02406622,0.1065222,-0.6287467,0.7195728,-0.1834471,0.5650167,1.533623,0.1826122,0.07641899,1.232187,0.1633206,279.8321,189.4451,44.14328,False
1,1.055557,0.1991163,0.2097685,0.0944318,-1.344069,-4.353103,-2.714969,0.3373766,1.251627,0.3620138,-1.492436,0.0007245578,0.1504444,0.0186886,-0.09365132,-0.4821477,-3.467469,-0.3423976,0.4207325,1.481108,0.2828908,0.02291875,-0.01660532,0.09811194,-0.6279622,0.7199465,-0.1835064,0.564272,1.53357,0.1821718,0.07596748,1.231667,0.1636618,279.7435,189.8735,43.71601,False
1,1.066668,0.1885958,0.1575683,0.09793966,-1.345074,-4.352703,-2.716704,0.3372102,1.251155,0.3619304,-1.49203,0.03699256,0.1620569,0.02727449,-0.1054321,-0.4838687,-3.467268,-0.344833,0.4199496,1.480864,0.2824552,0.01430052,-0.01555182,0.08860083,-0.6270956,0.7197632,-0.1829379,0.5635545,1.533827,0.181963,0.07542359,1.231128,0.1641305,279.6016,190.2332,43.46676,False
1,1.077779,0.1695387,0.116031,0.1077995,-1.346347,-4.351788,-2.718121,0.3371009,1.250682,0.3619523,-1.491763,0.02403755,0.1481862,0.03159913,-0.108443,-0.4852737,-3.467192,-0.3460826,0.419145,1.480616,0.2820978,0.005789284,-0.003825583,0.08865576,-0.6261795,0.7206762,-0.1834494,0.5627961,1.533767,0.1816308,0.0748927,1.230487,0.1646739,279.486,190.8245,43.07202,False
1,1.08889,0.1493479,0.07744831,0.0771548,-1.345976,-4.351549,-2.719143,0.3370093,1.250165,0.3618443,-1.491163,0.05457194,0.0916421,0.06917791,-0.1245737,-0.4876887,-3.464291,-0.3475516,0.4184112,1.480307,0.2817483,-0.00371597,0.01857581,0.1025898,-0.6242215,0.7231247,-0.184433,0.562243,1.533598,0.1811831,0.07453384,1.229662,0.165186,279.4178,191.5223,42.59338,False
1,1.100002,0.1514715,0.06665073,0.05164389,-1.345957,-4.352125,-2.720878,0.3369151,1.249779,0.361665,-1.490681,0.04367477,0.0756482,0.0980468,-0.1316305,-0.4899023,-3.461233,-0.3503716,0.4177043,1.48004,0.2813551,-0.001499817,0.03775182,0.1068212,-0.622964,0.7253011,-0.1867568,0.5613593,1.533612,0.1811907,0.07430787,1.228668,0.1655188,279.4009,192.5021,41.78493,False
1,1.111113,0.1631665,0.06443688,0.03246378,-1.345977,-4.352836,-2.722911,0.3367217,1.249413,0.3615026,-1.490462,0.01976678,0.0749155,0.1597295,-0.1173024,-0.4920435,-3.45392,-0.3575861,0.4170505,1.479756,0.2810292,0.004803598,0.04518919,0.09504265,-0.6224521,0.7267831,-0.1882274,0.5607582,1.533526,0.1809704,0.07421897,1.227563,0.1656057,279.44,193.5842,40.79079,False
1,1.122224,0.1759713,0.05807425,0.03141529,-1.346516,-4.353184,-2.725332,0.3365197,1.249082,0.3614621,-1.491408,-0.0865716,0.08691004,0.1979247,-0.1011645,-0.4937916,-3.447458,-0.3645582,0.4165738,1.479447,0.2808154,0.01217909,0.0473097,0.08647836,-0.6215909,0.7282148,-0.1895686,0.5602745,1.533187,0.1806235,0.07417337,1.226422,0.1654255,279.5866,194.2861,40.06202,False
1,1.133335,0.184516,0.0485017,0.0303934,-1.346863,-4.353263,-2.727653,0.3362635,1.248744,0.3613751,-1.491852,-0.03982138,0.08581805,0.1808673,-0.09915175,-0.4952734,-3.445333,-0.3673724,0.4161255,1.479191,0.2806225,0.01642467,0.03984743,0.08538733,-0.6207344,0.7288184,-0.190392,0.5597224,1.533087,0.1803644,0.07409811,1.225325,0.1650893,279.7563,194.7984,39.40242,False
1,1.144446,0.1824423,0.03148031,0.03475975,-1.347335,-4.352846,-2.729758,0.3360048,1.248497,0.3612897,-1.492138,-0.02594404,0.06762774,0.1468115,-0.0960234,-0.4964425,-3.445418,-0.3671226,0.4156542,1.479028,0.2806184,0.02478746,0.02491276,0.07258989,-0.6197783,0.7287651,-0.1903273,0.5592489,1.533033,0.1798203,0.07395604,1.224289,0.1647421,279.8835,195.2574,38.75031,False
1,1.155557,0.1739874,0.006982733,0.03917707,-1.347586,-4.351882,-2.731627,0.3357665,1.248271,0.3611951,-1.491922,0.01991448,0.03663475,0.08078878,-0.08766381,-0.4965538,-3.448795,-0.3634392,0.4153326,1.478936,0.2805879,0.02997845,0.01849745,0.0565753,-0.6196952,0.7287978,-0.1908528,0.5587574,1.533008,0.1795461,0.07377828,1.223297,0.1645053,279.948,195.7626,38.09695,False
1,1.166668,0.1549373,-0.04209082,0.03522635,-1.346933,-4.349896,-2.733275,0.335617,1.248122,0.3611305,-1.491503,0.0380802,0.03137992,0.01670978,-0.06359756,-0.495879,-3.452343,-0.3603632,0.4150112,1.478863,0.2806799,0.03422671,0.02169219,0.05549656,-0.6188382,0.7299041,-0.1921468,0.558284,1.533118,0.1794562,0.07354918,1.222325,0.1643942,279.9911,196.3443,37.46421,False
1,1.17778,0.1262903,-0.09011973,0.03235187,-1.346089,-4.3474,-2.734305,0.3355642,1.247963,0.3610864,-1.491079,0.03842117,0.05055984,-0.03992087,-0.04825775,-0.4951264,-3.456549,-0.3578753,0.4147002,1.478779,0.2806668,0.02675639,0.01637135,0.0544979,-0.6182539,0.7300541,-0.1922821,0.5577556,1.533125,0.1792574,0.07329836,1.22138,0.1643756,280.0447,197.1377,36.707,False
1,1.188891,0.103947,-0.1019159,0.02712622,-1.345643,-4.34611,-2.73511,0.3354597,1.247721,0.360975,-1.49062,0.04168543,0.0502066,-0.07062602,-0.07193083,-0.4960718,-3.461,-0.3544372,0.4142385,1.478576,0.2806489,0.01816291,0.02491041,0.04925841,-0.6176382,0.7316006,-0.1929247,0.5573173,1.533084,0.1793425,0.07310935,1.220472,0.1643813,280.12,197.9766,35.96913,False
1,1.200002,0.08260752,-0.08705062,0.02706886,-1.345782,-4.345711,-2.735497,0.3353812,1.247421,0.3608339,-1.489936,0.06233959,0.02547963,-0.04477563,-0.09810627,-0.4982636,-3.461356,-0.3534499,0.4136934,1.47844,0.2806456,0.02889013,0.02813394,0.06197519,-0.6163775,0.7333714,-0.1946257,0.5566806,1.533244,0.1792984,0.07311263,1.219608,0.1643219,280.2328,198.6288,35.42621,False
1,1.211113,0.07933556,-0.04863386,0.03963211,-1.346886,-4.346083,-2.736168,0.3353512,1.247096,0.3607152,-1.490052,-0.01109381,0.01480913,-0.01484485,-0.1073489,-0.4999675,-3.460826,-0.353725,0.4132515,1.478278,0.280576,0.04497666,0.02811361,0.07462841,-0.6151252,0.7338399,-0.1961157,0.5562416,1.533238,0.1791637,0.07330579,1.218839,0.1640921,280.36,199.0742,35.00992,False
1,1.222224,0.08564563,0.0005174177,0.0617075,-1.348812,-4.347032,-2.737268,0.3351344,1.24672,0.3606033,-1.490018,0.00340046,0.02981703,0.02880808,-0.1093114,-0.5017502,-3.45814,-0.3568116,0.412855,1.478142,0.2804861,0.04367384,0.02914835,0.04695631,-0.615366,0.734336,-0.1967591,0.5559416,1.533205,0.1791556,0.07353507,1.218225,0.1636692,280.4491,199.2207,34.7621,False
1,1.233335,0.08984603,0.03471051,0.07748045,-1.350681,-4.347915,-2.738214,0.3351049,1.246462,0.3605583,-1.490612,-0.05416786,0.06531447,0.05835675,-0.08603758,-0.50249,-3.455055,-0.3614477,0.4124852,1.478052,0.2803884,0.03184979,0.02594863,0.03427149,-0.6154331,0.7346524,-0.1970004,0.5556113,1.533187,0.1790137,0.07370958,1.217799,0.1631457,280.4801,199.2683,34.52521,False
1,1.244446,0.0898153,0.05073714,0.08484357,-1.352111,-4.348415,-2.739054,0.3349708,1.246223,0.360491,-1.491321,-0.06431634,0.06869522,0.06142151,-0.07007049,-0.5029694,-3.453679,-0.3635465,0.4121282,1.477959,0.2803018,0.02114336,0.02596175,0.02904667,-0.6150922,0.7355274,-0.1974428,0.5553546,1.533071,0.1789901,0.07377561,1.217554,0.1626613,280.4308,199.2734,34.30655,False
1,1.255558,0.07492328,0.04756083,0.09447208,-1.353572,-4.348245,-2.73942,0.334979,1.245952,0.3603816,-1.49125,0.00697538,0.03354744,0.05511348,-0.06760129,-0.5037076,-3.453439,-0.3629207,0.4117957,1.477903,0.2802293,0.01161843,0.01852253,0.03765459,-0.614388,0.7357018,-0.1973781,0.5550122,1.53306,0.1788909,0.07368644,1.217426,0.1623425,280.3045,199.2929,34.12485,False
1,1.266669,0.05679921,0.05499133,0.09658556,-1.354921,-4.348556,-2.739397,0.3349517,1.245767,0.3601975,-1.491058,0.01745271,-0.01222641,0.05095559,-0.06286475,-0.5042951,-3.453106,-0.3614022,0.4115,1.477809,0.2801454,0.003108121,0.01428973,0.04306957,-0.6135231,0.736406,-0.1973866,0.5548007,1.532984,0.1788776,0.07353651,1.217333,0.1622814,280.1752,199.4318,33.94412,False
1,1.27778,0.04606365,0.08583307,0.09215912,-1.356503,-4.350056,-2.739229,0.3350289,1.245588,0.3598964,-1.490465,0.05413589,-0.02596743,0.0626681,-0.05516855,-0.5051873,-3.451135,-0.3620978,0.4111484,1.477737,0.2800434,-0.003278937,0.01859304,0.04419287,-0.6130192,0.7381276,-0.1984561,0.5544848,1.532974,0.1788063,0.07333772,1.217219,0.1624363,280.0628,199.6501,33.81093,False
1,1.288891,0.04278042,0.1134473,0.07921812,-1.357768,-4.351955,-2.739188,0.3350376,1.245454,0.3596621,-1.490212,0.02277571,-0.02364878,0.09882401,-0.04746025,-0.5062723,-3.446921,-0.365606,0.4109109,1.477702,0.2798917,-0.003301069,0.02285069,0.04099234,-0.6127502,0.7389209,-0.1990676,0.5542141,1.532947,0.17875,0.07347044,1.217182,0.1629021,279.8909,199.4593,34.11315,False
1,1.300002,0.04169397,0.1133548,0.06323857,-1.358379,-4.353174,-2.73945,0.335067,1.245508,0.3594441,-1.490422,-0.01927382,-0.03380605,0.1422798,-0.0129094,-0.5063388,-3.440027,-0.3709991,0.4108597,1.477687,0.2797294,-0.007649448,0.02394542,0.03464537,-0.6125808,0.7403033,-0.1994585,0.5539934,1.532942,0.1786485,0.07309763,1.216958,0.16303,279.9705,200.4412,33.39559,False
1,1.311113,0.0364297,0.08239245,0.05384025,-1.358578,-4.352955,-2.739731,0.3349747,1.245501,0.3593392,-1.490766,-0.03121926,-0.03031358,0.1474016,0.01266076,-0.5061455,-3.435787,-0.3744625,0.4107446,1.477707,0.27966,-0.006674945,0.01860616,0.0239901,-0.6126608,0.7403174,-0.1994116,0.5538247,1.532879,0.1785779,0.07267772,1.216803,0.1631455,279.9448,201.5947,32.37563,False
1,1.322224,0.01841709,0.04720395,0.05514166,-1.359,-4.351998,-2.739698,0.3347349,1.24535,0.3592932,-1.491032,-0.02408175,-0.02395958,0.1153821,0.01873034,-0.5060182,-3.435295,-0.3746437,0.4105496,1.477596,0.2796614,-0.006737081,0.01646728,0.01653566,-0.6127406,0.7404583,-0.1994572,0.5536911,1.532829,0.1785102,0.07224796,1.216744,0.1632773,279.938,202.2668,31.79363,False
1,1.333336,-0.006028896,0.0226236,0.05212607,-1.359229,-4.351281,-2.738977,0.3345895,1.245286,0.3592453,-1.490828,0.01895517,-0.02630003,0.06002712,0.01407167,-0.5055761,-3.437618,-0.3722423,0.41048,1.477588,0.279686,-0.008877144,0.01540268,0.0154888,-0.6126325,0.7407478,-0.1995323,0.5535691,1.532803,0.1784301,0.0719231,1.216769,0.1634457,279.9326,202.5262,31.63257,False
1,1.344447,-0.01770646,0.00874418,0.05115407,-1.35957,-4.350925,-2.738619,0.3344113,1.245188,0.359097,-1.490402,0.03883777,-0.0317491,0.03237512,0.01073256,-0.5053066,-3.438562,-0.3707807,0.4104278,1.477525,0.2797077,-0.01520782,0.01327774,0.02193305,-0.6121616,0.7409042,-0.1994527,0.5533187,1.533287,0.1783011,0.07157189,1.215718,0.1636944,280.6037,202.7566,31.60847,False
1,1.355558,-0.0229998,-0.01050015,0.04168703,-1.359381,-4.350145,-2.738348,0.3341726,1.245226,0.3590138,-1.489839,0.05115153,-0.0223632,0.007936204,-0.001276791,-0.5054307,-3.440395,-0.3692553,0.4103581,1.47754,0.279789,-0.01734304,0.007953152,0.02195625,-0.6118911,0.7408296,-0.1991328,0.5532362,1.533305,0.1782227,0.07107481,1.213884,0.1640765,281.5246,203.4964,31.22082,False
1,1.366669,-0.02082863,-0.02863106,0.03752954,-1.359276,-4.349188,-2.738496,0.3340231,1.245224,0.3589301,-1.490368,-0.04861443,-0.002180127,-0.01130052,-0.000579108,-0.5051729,-3.441444,-0.3688641,0.4103943,1.477499,0.2798419,-0.01841385,0.007982712,0.02198163,-0.6115289,0.7418575,-0.1996665,0.5534607,1.532824,0.1786282,0.07048479,1.212442,0.1642817,281.7517,205.9875,28.94261,False
1,1.37778,-0.02608886,-0.05742535,0.03451039,-1.358863,-4.347466,-2.738398,0.3337955,1.245347,0.3588321,-1.490565,-0.01743154,-0.01173238,-0.01450268,0.003762658,-0.5049199,-3.441779,-0.3681016,0.410294,1.47759,0.2798662,-0.02915723,0.00265386,0.01142104,-0.6117425,0.7414882,-0.1986822,0.5534164,1.532799,0.1786211,0.07007878,1.211718,0.1642915,281.9362,207.0325,28.01662,False
1,1.388891,-0.03669893,-0.07879861,0.02719468,-1.358362,-4.345953,-2.738013,0.3335959,1.245483,0.3587401,-1.491047,-0.04390627,-0.03600158,-0.002846297,0.02223174,-0.5042483,-3.440214,-0.3682148,0.4102156,1.477678,0.2798054,-0.03669974,0.005863596,0.0008504195,-0.611825,0.7422935,-0.1986489,0.5532993,1.532822,0.1787753,0.06986681,1.211484,0.164221,282.2063,206.7695,28.36516,False
1,1.400002,-0.03778322,-0.07455658,0.02504328,-1.358352,-4.345232,-2.737654,0.3334444,1.245559,0.3586016,-1.490753,0.02729431,-0.05285445,0.01094157,0.03743749,-0.5036698,-3.438275,-0.3685735,0.4100505,1.477759,0.2797761,-0.04212177,0.004790142,-0.0108232,-0.6123438,0.7421415,-0.197875,0.5532603,1.532839,0.1787987,0.0698148,1.211584,0.1641425,282.3792,205.95,29.29816,False
1,1.411114,-0.03569786,-0.06074652,0.01750193,-1.358209,-4.344987,-2.737375,0.3333206,1.245673,0.3585041,-1.49054,0.01917128,-0.07390517,0.04925444,0.05074654,-0.5033587,-3.434279,-0.3706106,0.409997,1.477823,0.2796831,-0.04855371,0.007985737,-0.01610129,-0.6127534,0.7423368,-0.1972758,0.5532243,1.532841,0.1788414,0.0698484,1.211995,0.1640307,282.435,204.9723,30.40197,False
1,1.422225,-0.03254023,-0.04797889,0.01422637,-1.3582,-4.344762,-2.737146,0.3332026,1.245753,0.3583379,-1.490796,-0.02342911,-0.08107082,0.08962813,0.06818332,-0.5029966,-3.428885,-0.374061,0.4099958,1.478026,0.2797151,-0.04956726,0.007993594,-0.009701109,-0.6126522,0.7425362,-0.1968523,0.5531753,1.532851,0.1788676,0.06991985,1.212751,0.1638623,282.3411,203.8536,31.60525,False
1,1.433336,-0.03467819,-0.04048343,0.02164276,-1.358558,-4.344386,-2.736773,0.3330517,1.245826,0.3582952,-1.491073,-0.02507254,-0.07122262,0.1064982,0.08738105,-0.5021182,-3.424099,-0.3777564,0.4100043,1.478113,0.2797503,-0.04217758,0.01010852,-0.01828586,-0.6130847,0.7426963,-0.1967711,0.5531976,1.532853,0.1789236,0.07002278,1.213942,0.163596,281.9515,202.8069,32.6261,False
1,1.444447,-0.03893808,-0.03943808,0.02163634,-1.358474,-4.34375,-2.736368,0.3328705,1.245932,0.3583136,-1.491193,-0.01072655,-0.06067012,0.08626118,0.08391388,-0.5014956,-3.423102,-0.3783287,0.4100503,1.478065,0.2794728,-0.03798123,0.01438546,-0.02365373,-0.613676,0.7436102,-0.1968803,0.5535277,1.532873,0.1792831,0.07013388,1.215057,0.1633179,281.7728,201.4559,33.92884,False
1,1.455558,-0.04213557,-0.0362251,0.02588347,-1.358779,-4.343293,-2.735888,0.3326977,1.24597,0.3582652,-1.491053,0.01283642,-0.06643328,0.03747772,0.05696993,-0.5013289,-3.425898,-0.3749502,0.410113,1.478127,0.2795715,-0.04112021,0.01013492,-0.01616647,-0.6135987,0.7435591,-0.1962816,0.5535721,1.532921,0.1793158,0.07019989,1.215922,0.1630737,281.6334,200.2517,35.09488,False
1,1.466669,-0.03996545,-0.05436988,0.01959593,-1.358294,-4.342104,-2.735849,0.3325418,1.246185,0.3581846,-1.490981,0.006528344,-0.08810939,-0.02304344,0.03970252,-0.5006775,-3.430271,-0.3692457,0.4101459,1.478231,0.2796433,-0.04322254,0.008021124,-0.008672642,-0.6131726,0.743881,-0.1955304,0.5535765,1.532941,0.1793456,0.07020425,1.216481,0.1628904,281.5286,199.6204,35.69284,False
1,1.47778,-0.036685,-0.09704331,0.007054869,-1.357012,-4.340005,-2.735985,0.332364,1.246293,0.3580863,-1.49098,3.757399E-05,-0.09912335,-0.06439433,0.01819769,-0.5004117,-3.434402,-0.3641412,0.4102646,1.478291,0.2796323,-0.0474931,0.00695828,-0.009702287,-0.6133366,0.7439228,-0.1948891,0.5536562,1.532973,0.1794066,0.0701466,1.216756,0.1627415,281.4624,199.5063,35.77566,False
1,1.488891,-0.04514471,-0.1269358,-0.000214316,-1.355847,-4.337852,-2.735665,0.3323636,1.246399,0.3580639,-1.491299,-0.02911532,-0.1043682,-0.05269372,0.02260616,-0.4999904,-3.434574,-0.3626767,0.410336,1.478295,0.2796319,-0.04969155,0.002692945,-0.01924702,-0.6136088,0.743737,-0.1943418,0.553632,1.53301,0.1796143,0.07003557,1.216887,0.1625683,281.3383,199.7569,35.51698,False
1,1.500003,-0.0643224,-0.1345192,-0.01399054,-1.354639,-4.336587,-2.734591,0.332533,1.246381,0.3581386,-1.491331,-0.002641935,-0.1126318,-0.0005432367,0.0326811,-0.4999717,-3.430694,-0.3645809,0.4103692,1.478346,0.2796164,-0.05084217,0.003778022,-0.03199708,-0.6141569,0.7445285,-0.1946704,0.5538256,1.532926,0.1798086,0.07002004,1.217059,0.1623436,281.2609,199.8754,35.41705,False
1,1.511114,-0.07933221,-0.1015887,-0.02374949,-1.354073,-4.336792,-2.733157,0.3328822,1.246298,0.3582423,-1.490876,0.04156058,-0.1155397,0.04943566,0.04587911,-0.4998908,-3.425768,-0.3675511,0.4104519,1.47837,0.2796192,-0.050845,0.01228003,-0.02989339,-0.6146432,0.7445042,-0.1936989,0.553996,1.53305,0.1799161,0.07016417,1.217221,0.1620264,281.2577,199.2623,36.06859,False
1,1.522225,-0.09442122,-0.02809759,-0.01990136,-1.354804,-4.338798,-2.731222,0.3332889,1.24624,0.358429,-1.490318,0.0507031,-0.1121873,0.1005551,0.04729933,-0.5003611,-3.420008,-0.3714209,0.4106199,1.478331,0.2796485,-0.0466101,0.01122523,-0.03204283,-0.6148893,0.7449783,-0.1936299,0.5542111,1.53298,0.1802166,0.07043519,1.217302,0.1616621,281.2939,198.2506,37.11884,False
1,1.533336,-0.08928777,0.05720631,-0.008691277,-1.356372,-4.341856,-2.729716,0.3337401,1.246262,0.3587501,-1.490323,-0.0007665837,-0.103636,0.1303986,0.04210621,-0.5009779,-3.415049,-0.3748863,0.4108334,1.478352,0.279763,-0.03807676,0.01441518,-0.03104998,-0.6152536,0.7453378,-0.193798,0.5543545,1.53303,0.1803555,0.0708244,1.217494,0.1613926,281.3186,197.2905,38.04921,False
1,1.544447,-0.08405355,0.09772798,-0.004676066,-1.357347,-4.343923,-2.728582,0.3340191,1.246391,0.3590307,-1.490339,-0.001273936,-0.08236133,0.142099,0.03663124,-0.5015063,-3.4114,-0.377795,0.4110309,1.478321,0.2799339,-0.02952812,0.01546187,-0.03004386,-0.6153889,0.745341,-0.1939998,0.5545179,1.532915,0.1806984,0.07121412,1.217831,0.1613161,281.3086,196.5433,38.69625,False
1,1.555558,-0.07774801,0.1339756,-0.002767615,-1.358481,-4.346465,-2.727429,0.334524,1.246503,0.3595507,-1.491092,-0.0687811,-0.02191032,0.1228968,0.016644,-0.5022488,-3.410376,-0.3805495,0.4114019,1.478411,0.2802157,-0.01143751,0.002662648,-0.031243,-0.615684,0.7445992,-0.1938715,0.5547599,1.532953,0.180805,0.07148397,1.218363,0.1615016,281.1927,196.496,38.5736,False
1,1.566669,-0.08096839,0.1446078,-0.003895432,-1.358982,-4.348063,-2.726112,0.3349181,1.246678,0.3600085,-1.49138,-0.02574368,0.02779962,0.07496487,-0.00344431,-0.5026024,-3.41249,-0.3805932,0.4118049,1.478607,0.2805707,0.004456099,-0.01973514,-0.04093076,-0.6161399,0.742707,-0.1929857,0.5550038,1.532974,0.1808956,0.07163707,1.219062,0.1619162,280.9401,197.1248,37.75617,False
1,1.577781,-0.1022674,0.135977,-0.01340111,-1.359039,-4.349393,-2.723942,0.3356554,1.246874,0.360682,-1.491483,-0.009193857,0.04036481,0.02490977,-0.01035647,-0.502399,-3.415597,-0.3787614,0.412268,1.47876,0.2809014,0.01930688,-0.03360245,-0.04742924,-0.6167071,0.7410414,-0.1923258,0.5552886,1.532996,0.1809785,0.07180151,1.21981,0.1624334,280.692,198.222,36.48108,False
1,1.588892,-0.1480689,0.1036062,-0.06320252,-1.357008,-4.350221,-2.72063,0.3365877,1.247045,0.3615248,-1.491122,0.03301208,0.05495774,-0.0709783,-0.01444713,-0.50124,-3.423348,-0.3727925,0.4129302,1.478912,0.2812536,0.0244923,-0.05385967,-0.06129333,-0.6174811,0.7386161,-0.1905878,0.555818,1.533028,0.1809728,0.0721123,1.220683,0.1629613,280.2825,199.1173,35.37738,False
1,1.600003,-0.1715219,0.09164601,-0.09506346,-1.35539,-4.351812,-2.717704,0.3375127,1.247262,0.3623013,-1.490215,0.0826689,0.08267847,-0.09775948,-0.005375791,-0.5005385,-3.426514,-0.3717413,0.4136183,1.479114,0.2816093,0.03505398,-0.08050462,-0.067732,-0.6178854,0.7354943,-0.1884522,0.5563909,1.532877,0.1811295,0.07264686,1.22174,0.1634517,279.8225,199.429,34.86007,False
