loc,t,aDotUA,bDotUA,gDotUA,aUA,bUA,gUA,xUA,yUA,zUA,qE,qDotE,aDotSH,bDotSH,gDotSH,aSH,bSH,gSH,xSH,ySH,zSH,aDotUB,bDotUB,gDotUB,aUB,bUB,gUB,xUB,yUB,zUB,xHand,yHand,zHand,aHand,bHand,gHand,enable
1,0,-0.1404838,-0.7487578,0.3902088,-1.336051,-4.115219,2.967609,0.6345141,1.121253,0.4704449,-1.677659,0.07988016,-0.2637104,0.3135791,-0.1601077,-0.8957915,-3.84429,-0.5107461,0.6357754,1.317567,0.3681183,-0.02714628,0.2092249,0.1282242,-0.9388096,0.4476103,-0.1598118,0.7689213,1.412304,0.2352955,0.4729735,0.9950723,0.292698,298.8984,223.7261,3.566527,False
1,0.01111111,-0.1809603,-0.7702975,0.3702074,-1.341007,-4.106469,2.968915,0.6329801,1.120273,0.468987,-1.677965,-0.02840659,-0.2825313,0.3367927,-0.1235402,-0.8980749,-3.83936,-0.5099349,0.6348103,1.317144,0.367672,-0.03892732,0.215654,0.121972,-0.9380947,0.4510295,-0.1609583,0.7684773,1.412281,0.2354476,0.4725255,0.9944341,0.28988,299.1624,222.6623,4.222191,False
1,0.02222222,-0.228892,-0.7918655,0.3491597,-1.345895,-4.097667,2.970827,0.6314093,1.119356,0.4675634,-1.677046,0.08454754,-0.3026051,0.3912072,-0.1250799,-0.9024025,-3.833503,-0.5096273,0.6338347,1.316784,0.3671234,-0.0560022,0.2370076,0.1125406,-0.9377012,0.4552103,-0.1622608,0.7680805,1.41232,0.2355149,0.4727456,0.9934706,0.2863248,299.251,222.4751,3.780574,False
1,0.03333334,-0.2694119,-0.7867143,0.3374962,-1.350619,-4.089597,2.973372,0.6297839,1.118476,0.4661124,-1.677199,-0.01444206,-0.3129555,0.4433132,-0.1086043,-0.9062439,-3.82665,-0.510076,0.632911,1.316552,0.3665886,-0.0634052,0.2508893,0.1115265,-0.9370396,0.4594212,-0.1638116,0.7676411,1.412311,0.2355542,0.4735186,0.9923438,0.2821594,299.3839,222.3895,2.959514,False
1,0.04444445,-0.3024946,-0.761206,0.3395273,-1.355712,-4.082651,2.976169,0.6280289,1.117705,0.4646266,-1.677092,0.01027812,-0.3126854,0.4622864,-0.08288421,-0.9090769,-3.820529,-0.5104678,0.632075,1.316549,0.3660488,-0.07101484,0.2519462,0.1009821,-0.9366013,0.4629292,-0.1648015,0.7673377,1.41225,0.2354984,0.4747157,0.9912518,0.2776267,299.526,222.1619,2.071023,False
1,0.05555556,-0.3292044,-0.720736,0.3467633,-1.360831,-4.076499,2.979395,0.6263422,1.116847,0.4631093,-1.677088,0.000572603,-0.3057937,0.4649962,-0.02326021,-0.9102008,-3.813719,-0.5115698,0.6312671,1.316595,0.3655751,-0.07793957,0.2273665,0.07133736,-0.9370668,0.4650207,-0.1649029,0.7670797,1.412234,0.2354228,0.4760908,0.9903639,0.2729554,299.6393,221.8348,1.174703,False
1,0.06666667,-0.3484452,-0.6898429,0.3529888,-1.366038,-4.070331,2.982574,0.6245767,1.115954,0.4615726,-1.67755,-0.04189422,-0.2969958,0.429429,0.02540255,-0.9102365,-3.808561,-0.5116537,0.6305576,1.316593,0.3652301,-0.07501599,0.2081217,0.05858578,-0.9370369,0.466989,-0.1653687,0.7668463,1.412167,0.2353921,0.4773011,0.9898104,0.2683266,299.6922,221.4973,0.2907022,False
1,0.07777778,-0.3698065,-0.6578749,0.3613373,-1.371273,-4.064759,2.986366,0.6228269,1.115105,0.4600322,-1.67777,-0.01947294,-0.2780589,0.3045637,0.04556965,-0.908612,-3.808861,-0.5090784,0.6301603,1.316498,0.364742,-0.07145227,0.1621682,0.02461251,-0.9379686,0.4670088,-0.1647013,0.7666503,1.41211,0.235311,0.4780638,0.9896873,0.2639196,299.6252,221.255,359.4538,False
1,0.08888889,-0.4081827,-0.6398395,0.3645007,-1.376417,-4.05872,2.990912,0.6208712,1.114272,0.4585614,-1.678218,-0.04059512,-0.2786256,0.1961177,0.0191471,-0.9086897,-3.811156,-0.5045004,0.6295255,1.316317,0.3642874,-0.07519636,0.142885,-0.008299531,-0.9394162,0.4678978,-0.1642835,0.7663704,1.412015,0.235342,0.4782741,0.9900053,0.2598885,299.3816,221.1191,358.7723,False
1,0.1,-0.4539759,-0.6677976,0.3424256,-1.380545,-4.050808,2.996001,0.6189526,1.113597,0.4570427,-1.678129,0.008747877,-0.2830555,0.07229024,-0.08300529,-0.9109236,-3.817844,-0.4970915,0.6289903,1.316106,0.364059,-0.0882102,0.1684224,-0.03378536,-0.9411915,0.4709689,-0.1646228,0.7662328,1.411938,0.2353759,0.4779576,0.9906948,0.2562978,298.9884,221.0945,358.2498,False
1,0.1111111,-0.4986798,-0.7138665,0.3193934,-1.384363,-4.041633,3.00126,0.6169636,1.113041,0.4553883,-1.677625,0.04611207,-0.2790914,0.06080669,-0.1140136,-0.9130328,-3.818605,-0.4936414,0.6283514,1.315945,0.3636084,-0.08804181,0.1833473,-0.02746074,-0.9417379,0.4738328,-0.165459,0.7660543,1.41193,0.235338,0.4771918,0.9916533,0.2531274,298.5196,221.178,357.8354,False
1,0.1222222,-0.5327241,-0.7663879,0.286817,-1.387986,-4.031499,3.006199,0.6148367,1.112433,0.4537218,-1.677077,0.05006389,-0.2908452,0.06622483,-0.120266,-0.9148118,-3.818216,-0.4902672,0.6276655,1.315891,0.3632336,-0.0889294,0.196169,-0.01897601,-0.9420879,0.4770534,-0.1663245,0.7659088,1.411856,0.2353215,0.4761026,0.9927831,0.250268,298.0352,221.2938,357.5573,False
1,0.1333333,-0.5529387,-0.8049707,0.260497,-1.391325,-4.021667,3.011116,0.6127511,1.112022,0.45262,-1.677077,-5.756602E-05,-0.3202818,0.08624533,-0.07937217,-0.9149961,-3.815909,-0.4871135,0.6270132,1.315829,0.3626442,-0.0889938,0.1918931,-0.0221634,-0.9428517,0.4791978,-0.1666241,0.7658639,1.41177,0.2353315,0.4749549,0.994028,0.2475468,297.59,221.3206,357.4818,False
1,0.1444445,-0.5859343,-0.853236,0.2246784,-1.393931,-4.010701,3.016695,0.6107205,1.111413,0.4509439,-1.677688,-0.05542562,-0.3347284,0.1029353,-0.02798256,-0.9144736,-3.813035,-0.4846282,0.6264112,1.315746,0.3621266,-0.08376993,0.1780061,-0.02431812,-0.943478,0.4808643,-0.1668276,0.7659303,1.411671,0.2352691,0.473937,0.9953426,0.2447021,297.1723,221.2611,357.4696,False
1,0.1555556,-0.615805,-0.858811,0.1992085,-1.396375,-4.001098,3.022792,0.6087332,1.110745,0.4492729,-1.678239,-0.04970566,-0.34319,0.1382111,0.09595235,-0.9110504,-3.806727,-0.4843869,0.6257277,1.315908,0.3614891,-0.08498809,0.1588207,-0.0284922,-0.944114,0.4821038,-0.166577,0.7658792,1.411586,0.2351842,0.4732548,0.9966825,0.2416176,296.7482,221.0606,357.3782,False
1,0.1666667,-0.6447035,-0.8173635,0.1926102,-1.399369,-3.993733,3.029801,0.6068013,1.110277,0.4476957,-1.677794,0.04128083,-0.3394141,0.1643552,0.1568673,-0.9090444,-3.801592,-0.4839222,0.6252038,1.315962,0.3610063,-0.08953104,0.1459911,-0.04437232,-0.9454483,0.483189,-0.166071,0.7660497,1.411606,0.235044,0.4730358,0.9980191,0.2383635,296.3105,220.722,357.1978,False
1,0.1777778,-0.6629848,-0.7278614,0.2026837,-1.402452,-3.988772,3.036788,0.6050173,1.109494,0.445972,-1.677829,-0.003323608,-0.3300579,0.2190887,0.2371266,-0.9062865,-3.793491,-0.4855984,0.6246027,1.316023,0.36045,-0.09072902,0.145961,-0.05394427,-0.9466563,0.4849357,-0.1660377,0.7661134,1.411542,0.2349706,0.4731035,0.9992406,0.2347286,295.8676,220.2426,357.0682,False
1,0.1888889,-0.675882,-0.6595957,0.2203513,-1.405971,-3.983786,3.04379,0.6032408,1.108777,0.4440258,-1.677696,0.01253591,-0.3320557,0.2317953,0.2489686,-0.9051035,-3.788286,-0.4849606,0.6241115,1.315852,0.3599627,-0.09507869,0.1427579,-0.05920637,-0.9477509,0.4864452,-0.1657381,0.7662181,1.411467,0.235009,0.473337,1.000346,0.2307448,295.4886,219.722,356.8039,False
1,0.2,-0.6920241,-0.5657318,0.2453066,-1.409888,-3.980573,3.051524,0.6012843,1.108038,0.4422455,-1.678468,-0.07060903,-0.3549207,0.2227291,0.1926208,-0.9058625,-3.785768,-0.4817291,0.6236572,1.315677,0.3594313,-0.108004,0.1406554,-0.06860837,-0.9490723,0.4880402,-0.1650204,0.7662483,1.411383,0.2350168,0.4735366,1.001434,0.2265831,295.1724,219.2912,356.3413,False
1,0.2111111,-0.7049199,-0.4888847,0.271429,-1.41391,-3.977865,3.059345,0.5994137,1.107487,0.4403591,-1.678842,-0.03332672,-0.3628396,0.2232061,0.1362292,-0.9073443,-3.783073,-0.4790401,0.6231287,1.315589,0.3590543,-0.1262171,0.151344,-0.08012491,-0.950773,0.4900685,-0.1641988,0.7662368,1.411298,0.2351236,0.4734839,1.002555,0.2224225,294.8035,218.9834,355.8409,False
1,0.2222222,-0.72527,-0.4281028,0.2881005,-1.41792,-3.974969,3.067733,0.5974798,1.106946,0.4384899,-1.678695,0.01382652,-0.361397,0.2195882,0.05415484,-0.9103451,-3.781702,-0.4758557,0.6226955,1.315475,0.3586318,-0.1399865,0.1769619,-0.08322433,-0.9522399,0.4932378,-0.1639873,0.766277,1.411215,0.235209,0.4730946,1.003744,0.2183924,294.4114,218.8028,355.3485,False
1,0.2333333,-0.7359786,-0.3950507,0.2953474,-1.421552,-3.971843,3.075794,0.5956136,1.106317,0.436512,-1.678913,-0.01988705,-0.3649049,0.1910482,0.02732845,-0.9113332,-3.780689,-0.4722967,0.6221654,1.315481,0.3582766,-0.136602,0.1918922,-0.07480507,-0.9532487,0.4963563,-0.164361,0.7663782,1.411067,0.235292,0.4722727,1.005055,0.2146217,294.0241,218.7777,354.8146,False
1,0.2444444,-0.7648641,-0.3567755,0.289847,-1.424661,-3.968972,3.084994,0.593789,1.105829,0.4346273,-1.678593,0.02966273,-0.3691213,0.1653764,0.04313686,-0.9108543,-3.778829,-0.4691992,0.6216966,1.315557,0.3578622,-0.1386661,0.1940505,-0.07052141,-0.954209,0.4988893,-0.1642097,0.7663999,1.410951,0.2353106,0.4710421,1.006561,0.2112002,293.6353,218.8908,354.3466,False
1,0.2555556,-0.8043433,-0.332497,0.2790716,-1.427456,-3.966185,3.094722,0.592007,1.105373,0.4328318,-1.679088,-0.04545683,-0.3624635,0.1308971,0.08968185,-0.9087946,-3.776934,-0.4664953,0.6212674,1.31573,0.3573561,-0.1300799,0.1855094,-0.06315563,-0.9550223,0.5008246,-0.1641948,0.7665405,1.410846,0.235203,0.4694735,1.008294,0.208098,293.1845,219.0809,354.0074,False
1,0.2666667,-0.8492125,-0.2976012,0.2586847,-1.429766,-3.96375,3.105335,0.5901908,1.104881,0.4309344,-1.678298,0.0729185,-0.3631543,0.1198613,0.1396598,-0.9066785,-3.773888,-0.464299,0.6208439,1.315844,0.3567798,-0.1216634,0.1833129,-0.06965324,-0.956282,0.5030546,-0.1642907,0.7666696,1.410753,0.2351456,0.4677219,1.010223,0.2052403,292.637,219.2801,353.8033,False
1,0.2777778,-0.8887725,-0.2541645,0.2393017,-1.431939,-3.962121,3.11628,0.5885181,1.10443,0.4291124,-1.677973,0.02919746,-0.3661468,0.1153995,0.166283,-0.9047232,-3.771003,-0.4618723,0.6204696,1.315862,0.3562322,-0.1197906,0.1757866,-0.0856325,-0.9580386,0.5048447,-0.1640259,0.7668099,1.410656,0.2351544,0.4659131,1.012325,0.2025398,292.0663,219.4388,353.6673,False
1,0.2888889,-0.9176859,-0.210707,0.2166944,-1.433632,-3.961221,3.127294,0.5868027,1.104125,0.4272501,-1.67746,0.04701108,-0.3855688,0.07403749,0.152271,-0.9034582,-3.770746,-0.4571503,0.620054,1.315788,0.3556392,-0.1256109,0.1554606,-0.1142418,-0.9603423,0.5055479,-0.1628299,0.7670019,1.410417,0.2352316,0.4641107,1.014592,0.1998855,291.4677,219.5315,353.5758,False
1,0.3,-0.9241645,-0.1938363,0.196354,-1.435273,-3.959294,3.13742,0.5850294,1.103786,0.4254434,-1.67757,-0.01020516,-0.4180089,0.06285408,0.09811355,-0.9043003,-3.770908,-0.4512607,0.6196806,1.315667,0.3550975,-0.1452243,0.1586218,-0.1470092,-0.9632435,0.5071253,-0.1614805,0.767113,1.410254,0.2353449,0.4623026,1.017013,0.1971429,290.8401,219.5524,353.5175,False
1,0.3111111,-0.934917,-0.1845295,0.1600906,-1.435777,-3.957474,-3.135283,0.5831891,1.10364,0.4237237,-1.677999,-0.0387743,-0.4227936,0.1211033,0.01019736,-0.9084985,-3.768605,-0.4478049,0.6191901,1.315502,0.354727,-0.1504956,0.1937709,-0.155588,-0.9657267,0.5107035,-0.1616709,0.7672596,1.410078,0.2355146,0.4605366,1.019602,0.1943184,290.1956,219.5165,353.4622,False
1,0.3222222,-0.9584534,-0.190274,0.1101154,-1.43547,-3.954872,-3.124173,0.5813187,1.103482,0.4220419,-1.679106,-0.1006535,-0.4014135,0.1508904,0.007059798,-0.909592,-3.765454,-0.4460909,0.6188161,1.315383,0.3542001,-0.1492087,0.215098,-0.1471573,-0.967438,0.5140905,-0.1620265,0.7674072,1.409918,0.2355759,0.4588023,1.022355,0.1914258,289.5266,219.3785,353.4608,False
1,0.3333333,-0.983061,-0.1949718,0.0558646,-1.434204,-3.952509,-3.112884,0.5794605,1.103419,0.4204013,-1.679117,-1.676724E-05,-0.372281,0.162195,0.04634577,-0.9087217,-3.761915,-0.4453013,0.6184803,1.315323,0.3536439,-0.1468448,0.2332339,-0.1365979,-0.9690082,0.5175305,-0.1624265,0.7675874,1.409888,0.2356079,0.4571899,1.025212,0.1885455,288.8027,219.1149,353.5384,False
1,0.3444445,-1.002378,-0.1869095,0.001516044,-1.432554,-3.950325,-3.101495,0.5777527,1.103358,0.4187996,-1.678584,0.04874317,-0.3666943,0.1512495,0.08137494,-0.9073858,-3.759395,-0.4429678,0.6182297,1.315252,0.3531315,-0.1327336,0.230041,-0.1165423,-0.9700537,0.5202571,-0.162958,0.7678502,1.409763,0.2356091,0.4556876,1.028094,0.1857112,288.0732,218.5717,353.8356,False
1,0.3555556,-1.011004,-0.1733072,-0.03158441,-1.431054,-3.948888,-3.090341,0.5759082,1.103363,0.4171581,-1.678617,-0.00322083,-0.3866018,0.1199993,0.1345574,-0.9045672,-3.757273,-0.4393878,0.617952,1.315335,0.3526096,-0.1263616,0.2140459,-0.11231,-0.9714136,0.5221987,-0.1628784,0.7680807,1.409646,0.2355993,0.4542593,1.03095,0.1829276,287.3646,217.7738,354.3552,False
1,0.3666667,-1.011202,-0.1288626,-0.07238263,-1.428948,-3.948833,-3.07927,0.5741281,1.103431,0.415633,-1.678799,-0.01637855,-0.4066232,0.08886483,0.1728492,-0.9016201,-3.755491,-0.4354551,0.6177295,1.315584,0.3521693,-0.1225809,0.1894263,-0.1378371,-0.9738876,0.5232028,-0.1621306,0.7684313,1.409433,0.2356677,0.4528669,1.033769,0.1802262,286.6949,216.7759,355.0715,False
1,0.3777778,-0.9975084,-0.08638667,-0.09720543,-1.427033,-3.949492,-3.068633,0.5723332,1.103582,0.4139483,-1.679374,-0.05226712,-0.4076096,0.07062307,0.1897575,-0.8992664,-3.753839,-0.4319288,0.617489,1.315701,0.3516772,-0.1294201,0.1797622,-0.1664802,-0.9769365,0.5246742,-0.1612363,0.7688192,1.409262,0.2356818,0.4514692,1.036555,0.1776292,286.0638,215.7274,355.8601,False
1,0.3888889,-0.9520822,0.01446999,-0.1597862,-1.423372,-3.952984,-3.059138,0.5705989,1.103996,0.4122467,-1.679876,-0.04535606,-0.4077567,0.03765452,0.1820567,-0.8972791,-3.753732,-0.4279149,0.6174831,1.315786,0.351331,-0.1349855,0.1765316,-0.1823744,-0.9796949,0.5263547,-0.1604634,0.769159,1.409074,0.2357693,0.4499379,1.039325,0.1751108,285.4644,214.6573,356.6811,False
1,0.4,-0.9117668,0.06449444,-0.1793981,-1.421046,-3.955292,-3.049858,0.5686924,1.104307,0.4105,-1.680554,-0.06161603,-0.4068061,0.02707514,0.1723758,-0.8958176,-3.753024,-0.4239025,0.6172907,1.315891,0.3508816,-0.151275,0.1733354,-0.2034441,-0.9827927,0.5279642,-0.1591353,0.7695249,1.408916,0.2357903,0.4481883,1.042091,0.1727369,284.8895,213.4933,357.6418,False
1,0.4111111,-0.8799024,0.07716449,-0.208317,-1.418005,-3.956842,-3.040891,0.5667391,1.104656,0.408726,-1.682166,-0.1469036,-0.3695503,0.05372754,0.1552603,-0.8953105,-3.750443,-0.4229835,0.617101,1.31611,0.3505077,-0.1543304,0.1712643,-0.1927397,-0.9848189,0.5298706,-0.15844,0.7698394,1.408874,0.2358406,0.4461063,1.044872,0.170501,284.3487,212.2544,358.7741,False
1,0.4222222,-0.8427497,0.08757903,-0.2553543,-1.413756,-3.958387,-3.032466,0.5646657,1.105182,0.4069302,-1.682256,-0.007032754,-0.3609833,0.06007752,0.1584302,-0.8940983,-3.74829,-0.4205669,0.616869,1.316268,0.3500512,-0.1585095,0.1670521,-0.1852048,-0.9867736,0.5316035,-0.1575332,0.7701709,1.408715,0.2358325,0.4436173,1.047646,0.1685064,283.8215,210.752,0.264651,False
1,0.4333333,-0.8150988,0.07140006,-0.294727,-1.409198,-3.959119,-3.024274,0.5626638,1.105581,0.4051034,-1.682258,-0.0003746598,-0.3757937,0.02156043,0.1859514,-0.8909233,-3.747838,-0.4162747,0.6167425,1.316504,0.3494217,-0.1531863,0.1542604,-0.1809733,-0.9888578,0.5328274,-0.1567118,0.7705465,1.408578,0.2357297,0.4407789,1.05036,0.1667715,283.2731,209.597,1.577936,False
1,0.4444444,-0.7736717,0.05611845,-0.362907,-1.402821,-3.959862,-3.016854,0.5606527,1.106179,0.4031529,-1.682596,-0.03111985,-0.3767972,0.01509237,0.1965615,-0.888609,-3.746534,-0.4127932,0.6165724,1.316736,0.348933,-0.1543364,0.1457286,-0.1841208,-0.9911753,0.5339459,-0.1555946,0.7708815,1.408429,0.2356889,0.4377536,1.052949,0.1652185,282.7583,208.3851,3.091,False
1,0.4555556,-0.7546596,0.06532078,-0.4258712,-1.396248,-3.961738,-3.008734,0.5587626,1.106899,0.4013202,-1.68252,0.007009086,-0.3665158,0.004756778,0.2848291,-0.8826946,-3.743665,-0.4108861,0.6164898,1.316896,0.3482227,-0.152272,0.1425107,-0.187329,-0.9935253,0.5353193,-0.1546524,0.7712791,1.408275,0.2356768,0.4346834,1.055368,0.1637541,282.313,206.8017,5.014244,False
1,0.4666667,-0.6943171,0.1919958,-0.4620179,-1.390765,-3.968888,-3.001788,0.5567927,1.107576,0.3995273,-1.683036,-0.04743554,-0.3653312,-0.002839714,0.3028661,-0.879102,-3.74184,-0.4079944,0.6163412,1.316962,0.3476112,-0.1446149,0.1489119,-0.1757442,-0.9954183,0.5372738,-0.1544719,0.7716091,1.408144,0.2357183,0.4317261,1.057573,0.1622832,281.9339,204.9732,7.183826,False
1,0.4777778,-0.6858888,0.2164088,-0.4781817,-1.385399,-3.973077,-2.993676,0.5549684,1.108184,0.3978798,-1.682339,0.06394101,-0.3815148,-0.02715915,0.2889616,-0.8762636,-3.741578,-0.4032226,0.6161257,1.316932,0.3470175,-0.1454531,0.1606768,-0.1629888,-0.997096,0.5395338,-0.15396,0.7719251,1.407966,0.2357295,0.4289517,1.05955,0.1607033,281.6834,202.6641,9.743219,False
1,0.4888889,-0.746701,0.247113,-0.4835836,-1.380504,-3.977564,-2.982228,0.5534839,1.108858,0.3968284,-1.684082,-0.1600536,-0.415011,-0.00735569,0.224407,-0.8761656,-3.740782,-0.3978709,0.6157722,1.316994,0.3464313,-0.1442272,0.1745558,-0.1566637,-0.999054,0.5422751,-0.1539403,0.7722344,1.407747,0.2357152,0.426249,1.061385,0.1589887,281.5851,200.2233,12.23322,False
1,0.5,-0.717084,0.353835,-0.4662666,-1.377005,-3.986103,-2.973573,0.5517249,1.109367,0.3954222,-1.682324,0.1621934,-0.4375424,0.04952559,0.1824278,-0.8765507,-3.7375,-0.394281,0.615484,1.317065,0.3458021,-0.1484099,0.1820399,-0.1534377,-1.000985,0.5445524,-0.153348,0.7725508,1.407633,0.2357154,0.4233495,1.063168,0.1573223,281.485,197.9342,14.49296,False
1,0.5111111,-0.7579997,0.5702265,-0.4314269,-1.375613,-4.001006,-2.961059,0.5505073,1.109889,0.3948886,-1.678685,0.3307796,-0.424513,0.07488257,0.2027596,-0.874482,-3.734185,-0.3920296,0.615098,1.317349,0.3452618,-0.1516755,0.1820398,-0.1587192,-1.003211,0.546607,-0.152695,0.7728168,1.407521,0.2357543,0.4204459,1.064915,0.1559815,281.3875,196.0087,16.52486,False
1,0.5222223,-0.762453,0.7198922,-0.3504075,-1.37663,-4.013844,-2.949792,0.5486643,1.110372,0.3937085,-1.681907,-0.2972386,-0.416737,0.08096665,0.2400377,-0.8711749,-3.730743,-0.3897558,0.6148281,1.31755,0.3446128,-0.1549747,0.1798948,-0.1650587,-1.005562,0.5483849,-0.1517251,0.7731436,1.407416,0.2357199,0.4175486,1.06684,0.1549616,281.3604,194.3789,18.32287,False
1,0.5333334,-0.7614177,0.7884601,-0.2933626,-1.377255,-4.025075,-2.939333,0.547196,1.110895,0.3925486,-1.679732,0.201842,-0.3971047,0.08792752,0.2931984,-0.8669527,-3.726764,-0.388474,0.614527,1.317905,0.3441319,-0.1569101,0.1842169,-0.1533379,-1.007344,0.5508002,-0.1513573,0.7733822,1.407249,0.2355769,0.4143308,1.06912,0.1542441,281.2213,192.5671,20.25815,False
1,0.5444446,-0.752053,0.9337757,-0.230442,-1.379925,-4.04043,-2.928399,0.5459837,1.111346,0.3917882,-1.68032,-0.05558702,-0.3863776,0.0760566,0.3079351,-0.8634266,-3.724263,-0.3860377,0.6143169,1.318178,0.3434904,-0.1524652,0.1895702,-0.1416991,-1.00891,0.553335,-0.1511133,0.7736682,1.407015,0.2354672,0.4104742,1.071914,0.154106,280.9675,191.2508,21.79481,False
1,0.5555557,-0.7617979,1.040578,-0.1874733,-1.382485,-4.055759,-2.916851,0.5447367,1.111621,0.3909695,-1.680952,-0.05695777,-0.3854486,0.03022596,0.3096814,-0.8597845,-3.724322,-0.3818097,0.6140597,1.318403,0.3431325,-0.1503624,0.1778494,-0.1395546,-1.01061,0.5549148,-0.1503637,0.7739162,1.406866,0.2353573,0.405795,1.075323,0.1543676,280.4535,190.5158,23.2048,False
1,0.5666668,-0.8003286,1.137607,-0.1603642,-1.384894,-4.071334,-2.903746,0.5438116,1.112091,0.3901813,-1.681274,-0.02908212,-0.3847712,-0.01322955,0.2805524,-0.8573589,-3.725494,-0.3767787,0.6137284,1.318699,0.3427005,-0.1452145,0.1628804,-0.1470296,-1.0127,0.5560181,-0.1494739,0.7741555,1.406718,0.2352426,0.4008473,1.079174,0.1551268,279.7854,189.5311,25.1997,False
1,0.577778,-0.7941091,1.166094,-0.202125,-1.384519,-4.085749,-2.892397,0.5426309,1.112721,0.3894553,-1.680608,0.06107124,-0.3671524,-0.05555788,0.238512,-0.8555405,-3.727261,-0.3721184,0.6134173,1.318833,0.3422017,-0.1281813,0.1521528,-0.1440314,-1.014399,0.5572249,-0.1492627,0.7743478,1.406554,0.2350993,0.395848,1.083305,0.1564222,279.0011,188.0389,27.76087,False
1,0.5888891,-0.7877114,1.16824,-0.2032217,-1.385376,-4.099101,-2.881577,0.5414055,1.113292,0.3887565,-1.679016,0.1449614,-0.3630779,-0.06500824,0.2192334,-0.8533562,-3.727554,-0.368059,0.6130914,1.318911,0.3415418,-0.12048,0.1500529,-0.1260244,-1.015503,0.5589829,-0.1491519,0.7744772,1.406418,0.2350383,0.3908663,1.087551,0.1581131,278.174,185.9297,31.00829,False
1,0.6000003,-0.7824674,1.175555,-0.2245933,-1.385718,-4.112878,-2.870398,0.5402473,1.113846,0.3879957,-1.680477,-0.1347384,-0.3708479,-0.09031981,0.192459,-0.8515468,-3.729015,-0.3626378,0.612749,1.31906,0.3409989,-0.1160231,0.1511408,-0.1122357,-1.016475,0.5607222,-0.1489013,0.7745868,1.406254,0.2349172,0.3860177,1.091846,0.1600011,277.4665,183.1622,34.96547,False
1,0.6111114,-0.7707534,1.16911,-0.2373626,-1.386181,-4.126174,-2.859843,0.5388189,1.114651,0.3871725,-1.681032,-0.04967489,-0.3750829,-0.09887823,0.1988222,-0.8487239,-3.729539,-0.3580351,0.6123866,1.319216,0.3403699,-0.1095604,0.1490111,-0.1059172,-1.017626,0.562534,-0.1487762,0.7747428,1.406023,0.2347105,0.3814176,1.096084,0.1618974,276.9045,178.8895,40.33196,False
1,0.6222225,-0.7547281,1.139262,-0.2446527,-1.386665,-4.138304,-2.849724,0.5372564,1.11535,0.3862712,-1.680782,0.0233598,-0.3684002,-0.07887973,0.2266259,-0.8453949,-3.727997,-0.3551251,0.6120305,1.319468,0.3397779,-0.1073534,0.1436973,-0.09846691,-1.018583,0.5639721,-0.1484337,0.7748392,1.405853,0.2345195,0.3771204,1.100151,0.1636495,276.3795,174.1114,46.07178,False
1,0.6333337,-0.7332944,1.074221,-0.2613065,-1.386181,-4.14889,-2.840339,0.5357305,1.116097,0.3854291,-1.681239,-0.04207192,-0.3480394,-0.07158501,0.2382365,-0.8423759,-3.727199,-0.3524952,0.6117221,1.319728,0.3391559,-0.1064097,0.1340902,-0.1037698,-1.020082,0.5651664,-0.1478691,0.7749557,1.405778,0.2344134,0.3730513,1.103995,0.1650984,275.9815,168.9592,52.06008,False
1,0.6444448,-0.7278952,1.026164,-0.2801635,-1.385586,-4.15948,-2.830536,0.534451,1.116796,0.3846638,-1.681449,-0.01880967,-0.3383626,-0.07810992,0.2519577,-0.8390055,-3.726983,-0.3492145,0.6114424,1.319987,0.3384969,-0.1034792,0.1063405,-0.113296,-1.021658,0.565044,-0.1468012,0.7750372,1.405655,0.2341487,0.3690981,1.107638,0.1661517,275.7231,163.8214,57.89054,False
1,0.655556,-0.7330714,0.9439681,-0.3030365,-1.384071,-4.168135,-2.820594,0.5329689,1.117577,0.3837478,-1.681817,-0.03364119,-0.3309579,-0.102668,0.2559547,-0.835619,-3.728096,-0.3450045,0.6111093,1.320212,0.3379455,-0.08882368,0.08598575,-0.1251453,-1.023515,0.5650231,-0.1463751,0.7750816,1.405545,0.2339489,0.3653184,1.111046,0.1668558,275.562,158.629,63.67701,False
1,0.6666671,-0.7286728,0.8757215,-0.3142974,-1.382977,-4.176703,-2.811005,0.5315962,1.118313,0.3829687,-1.681328,0.04484162,-0.3300013,-0.1282272,0.254674,-0.8322831,-3.729663,-0.3401485,0.6107113,1.320372,0.3373756,-0.08472878,0.08167118,-0.1358418,-1.025524,0.5657302,-0.1459234,0.7751728,1.40532,0.2336681,0.3618945,1.114153,0.1673395,275.5277,153.6141,69.19141,False
1,0.6777782,-0.7179326,0.8255687,-0.3310277,-1.381556,-4.185505,-2.801669,0.530108,1.118994,0.3821356,-1.680706,0.05636989,-0.3300917,-0.139886,0.2492599,-0.8291577,-3.730625,-0.3356901,0.6102247,1.320459,0.3367255,-0.08988641,0.09769969,-0.1294315,-1.02689,0.5674601,-0.1456933,0.7751402,1.405169,0.2334752,0.3588544,1.116983,0.1676781,275.5926,149.2854,73.9381,False
1,0.6888894,-0.6955065,0.7957096,-0.3447291,-1.380159,-4.194717,-2.792894,0.5286727,1.119767,0.3813403,-1.680956,-0.02333127,-0.3259436,-0.1397867,0.2353773,-0.8265973,-3.731572,-0.3315465,0.6097531,1.320626,0.3360403,-0.09591924,0.1180397,-0.110241,-1.027732,0.569618,-0.1454616,0.7750149,1.405172,0.2332628,0.3560851,1.119655,0.1678023,275.7312,145.7135,77.84559,False
1,0.7000005,-0.6742034,0.7893451,-0.3468643,-1.379466,-4.204283,-2.784142,0.5273038,1.120479,0.3804774,-1.681265,-0.02795386,-0.3238215,-0.1098543,0.2228154,-0.8245999,-3.730903,-0.3283923,0.6092777,1.320752,0.3353231,-0.1028762,0.136294,-0.08037904,-1.02798,0.572019,-0.1453748,0.7749331,1.405147,0.2330697,0.3535338,1.122271,0.1677809,275.9097,142.3722,81.41974,False
1,0.7111117,-0.6166914,0.7904952,-0.3555206,-1.378524,-4.214355,-2.777142,0.5258275,1.121217,0.3796093,-1.681862,-0.05450094,-0.3107712,-0.05564573,0.2327317,-0.8222179,-3.728129,-0.3271643,0.6086685,1.320931,0.3346093,-0.1067858,0.1481162,-0.05905865,-1.028274,0.5744595,-0.1453066,0.774878,1.405036,0.2327614,0.3510288,1.124915,0.1676724,276.1459,138.941,85.02032,False
1,0.7222228,-0.5868684,0.797002,-0.3492368,-1.378346,-4.224414,-2.76953,0.5244463,1.121991,0.378773,-1.681896,-0.00276429,-0.3051913,-0.01636563,0.2479228,-0.8193934,-3.725195,-0.3258476,0.608137,1.321126,0.3338287,-0.1084997,0.1524899,-0.03028716,-1.027975,0.5766574,-0.1451638,0.7746924,1.404963,0.2324946,0.3484792,1.127624,0.1676228,276.4063,135.5775,88.55409,False
1,0.7333339,-0.5473971,0.8004527,-0.3259161,-1.378901,-4.234018,-2.762949,0.5229971,1.122776,0.3779852,-1.683548,-0.1510758,-0.3059737,0.02184168,0.267406,-0.8165337,-3.721761,-0.3246273,0.6075736,1.321408,0.3330827,-0.1138023,0.1482684,-0.02700131,-1.028368,0.5783826,-0.1446259,0.7745148,1.404837,0.2322719,0.3457921,1.130417,0.1677352,276.6534,132.2135,92.16434,False
1,0.7444451,-0.5281674,0.7985357,-0.3014434,-1.379811,-4.243266,-2.755878,0.5216699,1.123429,0.3772316,-1.682843,0.06549158,-0.3101233,0.02708894,0.2791995,-0.813437,-3.719692,-0.3224284,0.6069279,1.321671,0.3323765,-0.1237198,0.1471686,-0.05029949,-1.029978,0.5800348,-0.1437652,0.7743848,1.404684,0.2320058,0.3429353,1.133219,0.168115,276.9149,128.7388,95.97695,False
1,0.7555562,-0.4982964,0.8223539,-0.255854,-1.38243,-4.253179,-2.749515,0.5203804,1.124077,0.3765919,-1.683378,-0.04977504,-0.298409,0.01850423,0.282224,-0.8104212,-3.71841,-0.3203863,0.6062627,1.321868,0.3315568,-0.1291485,0.1535456,-0.05983587,-1.031151,0.5820037,-0.1431806,0.7741478,1.404638,0.2317026,0.3399017,1.135981,0.1688011,277.1077,125.7322,99.43106,False
1,0.7666674,-0.4535101,0.8440659,-0.2113524,-1.385334,-4.26324,-2.743858,0.5191081,1.124623,0.376018,-1.68259,0.07229036,-0.2879307,0.01008359,0.2650198,-0.8081133,-3.717558,-0.3179953,0.6055654,1.322154,0.3308716,-0.1386207,0.155748,-0.05225389,-1.031711,0.5840151,-0.1423753,0.77391,1.40462,0.2315233,0.3367601,1.138655,0.1697833,277.2352,122.868,102.8593,False
1,0.7777785,-0.4374607,0.8335856,-0.1921413,-1.387364,-4.272335,-2.737763,0.5178761,1.125263,0.375361,-1.683032,-0.04123828,-0.2923565,0.00599134,0.2469109,-0.8060834,-3.716604,-0.3151973,0.6048892,1.322357,0.3300843,-0.1449603,0.1515377,-0.04682496,-1.032294,0.5857539,-0.1414431,0.7736136,1.404562,0.2312295,0.3336017,1.141205,0.1709958,277.303,120.3053,106.0564,False
1,0.7888896,-0.4213913,0.8102814,-0.1781724,-1.389176,-4.280679,-2.732078,0.5168156,1.125732,0.3746884,-1.683508,-0.0432322,-0.2880697,0.01343411,0.2469358,-0.8036531,-3.715001,-0.313179,0.6040478,1.322633,0.3293426,-0.1477477,0.1601653,-0.02017996,-1.031862,0.588155,-0.1409526,0.773287,1.404456,0.2309184,0.3304535,1.143657,0.1723892,277.3153,117.8256,109.1743,False
1,0.8000008,-0.4149385,0.7922283,-0.1727369,-1.390876,-4.289105,-2.726157,0.5157031,1.126234,0.3741183,-1.682605,0.08258336,-0.2740181,0.04311478,0.2598478,-0.8008903,-3.711524,-0.3128881,0.6032575,1.322803,0.3285289,-0.1506909,0.1730073,-0.006336503,-1.031815,0.5907782,-0.1405398,0.7729134,1.404368,0.2306082,0.3273445,1.145983,0.1739082,277.3398,115.3088,112.3654,False
1,0.8111119,-0.4159011,0.7657037,-0.1565767,-1.392868,-4.296733,-2.720147,0.5148438,1.126549,0.3736773,-1.682487,0.009847745,-0.2545367,0.08978334,0.2771128,-0.7982229,-3.706519,-0.3141414,0.6025001,1.323015,0.3277419,-0.153807,0.1804939,-0.003126796,-1.032119,0.5934119,-0.1400708,0.7725496,1.404279,0.230279,0.324337,1.148176,0.1754122,277.3918,113.1352,115.2632,False
1,0.8222231,-0.4296322,0.7370656,-0.1339879,-1.395202,-4.30391,-2.71356,0.5140619,1.126809,0.3732285,-1.682034,0.04120666,-0.2416078,0.1120516,0.2857113,-0.7955911,-3.702368,-0.3146496,0.601724,1.323247,0.3269424,-0.1474602,0.180453,-0.00640769,-1.03258,0.5957448,-0.1398373,0.7720777,1.404262,0.2298763,0.3215704,1.150208,0.176799,277.4727,111.1757,117.9019,False
1,0.8333342,-0.4465505,0.7137778,-0.1061076,-1.397888,-4.310722,-2.706903,0.5134243,1.126977,0.3728478,-1.681569,0.04205365,-0.2233811,0.1129411,0.299419,-0.7923575,-3.698909,-0.3152165,0.6010061,1.323434,0.3261516,-0.1369667,0.1633335,-0.01181341,-1.033005,0.5970933,-0.1393518,0.7716851,1.404264,0.2294791,0.3190699,1.152102,0.1780092,277.5692,109.5311,120.0971,False
1,0.8444453,-0.4506935,0.690531,-0.07609659,-1.401039,-4.317034,-2.700772,0.5127966,1.127053,0.372539,-1.680748,0.07465033,-0.1948294,0.09913911,0.2809618,-0.7901391,-3.697075,-0.3150442,0.6004047,1.323599,0.3254716,-0.1349695,0.1420065,-0.01390684,-1.033486,0.597986,-0.1383531,0.7714553,1.404258,0.2289913,0.3169443,1.153864,0.1790711,277.6559,107.9385,122.1359,False
1,0.8555565,-0.4431576,0.6811279,-0.05155125,-1.404362,-4.32369,-2.694993,0.5121664,1.127179,0.372092,-1.680483,0.0236405,-0.1757986,0.1034937,0.2616628,-0.7883713,-3.694179,-0.3156165,0.5996597,1.323732,0.3247452,-0.135012,0.1334824,-0.01387327,-1.033773,0.5993472,-0.1375067,0.7710493,1.404235,0.228581,0.3151535,1.155583,0.17995,277.7375,106.3839,124.0559,False
1,0.8666676,-0.4324125,0.6728467,-0.02060261,-1.408422,-4.330116,-2.689542,0.51169,1.127259,0.3717701,-1.680884,-0.03684072,-0.1525894,0.1111182,0.2306388,-0.7873801,-3.691434,-0.3165798,0.599009,1.323838,0.324095,-0.138238,0.1175288,-0.01057118,-1.033859,0.6002849,-0.136316,0.7706183,1.404144,0.2281735,0.313683,1.157334,0.1806682,277.8465,104.7333,125.9846,False
1,0.8777788,-0.4249372,0.6815081,-0.002566487,-1.412484,-4.337105,-2.683928,0.5112395,1.127232,0.371347,-1.681297,-0.03736353,-0.1345372,0.1121831,0.2230431,-0.7855441,-3.688625,-0.317587,0.5984037,1.323975,0.3234239,-0.1297021,0.1153543,-0.008566268,-1.033992,0.601745,-0.1356843,0.770188,1.404089,0.2277794,0.3124374,1.159171,0.1812512,278.0068,102.7995,128.1212,False
1,0.8888899,-0.3929808,0.7083933,0.02275828,-1.41745,-4.344802,-2.67952,0.5108708,1.127079,0.3710618,-1.681531,-0.02116012,-0.1103963,0.09962434,0.1843904,-0.7850008,-3.687333,-0.3180805,0.5978719,1.323921,0.3228705,-0.1265992,0.1089358,-0.01389896,-1.034548,0.6028146,-0.1351733,0.7697736,1.403975,0.2273402,0.3112863,1.161113,0.1817458,278.2148,100.7442,130.338,False
1,0.900001,-0.3599194,0.7267773,0.05026868,-1.42281,-4.352139,-2.675688,0.5105093,1.126994,0.3706393,-1.681361,0.01557414,-0.09790385,0.08276922,0.1564451,-0.7844074,-3.686299,-0.3179798,0.5971869,1.32397,0.322274,-0.1170244,0.1035622,-0.01294721,-1.034782,0.6038865,-0.1347011,0.7692406,1.403909,0.2269366,0.3102156,1.163106,0.1822798,278.4517,98.50805,132.728,False
1,0.9111122,-0.3172748,0.7259129,0.06510729,-1.427567,-4.358829,-2.672656,0.5101143,1.126917,0.3702602,-1.682495,-0.103939,-0.08540869,0.06484308,0.1285014,-0.7839723,-3.685877,-0.3178246,0.5965947,1.324002,0.3216088,-0.1031928,0.0928552,-0.01097551,-1.035009,0.6047371,-0.1345485,0.7687688,1.40391,0.2265472,0.3091305,1.165101,0.1829343,278.7316,96.27917,135.1333,False
1,0.9222233,-0.2724617,0.7122711,0.07788792,-1.432124,-4.365109,-2.670264,0.5096056,1.126825,0.3698387,-1.682907,-0.03683718,-0.06877384,0.04487351,0.08772141,-0.7843041,-3.686297,-0.3172501,0.5960199,1.324028,0.3211277,-0.09365776,0.07896175,-0.009991566,-1.035132,0.6051267,-0.1340611,0.7683523,1.403897,0.2261193,0.3079913,1.167004,0.1838436,279.0059,93.91096,137.723,False
1,0.9333345,-0.2329743,0.6889721,0.08435088,-1.436236,-4.370734,-2.668272,0.509057,1.12682,0.3693674,-1.683332,-0.03881481,-0.05739532,0.02058382,0.05653699,-0.784546,-3.687279,-0.3163324,0.595378,1.324107,0.3205442,-0.08936407,0.07044525,-0.004693737,-1.035081,0.6058279,-0.1335628,0.7678651,1.403887,0.2256889,0.3067118,1.16875,0.1849992,279.2254,91.51769,140.4681,False
1,0.9444456,-0.1785257,0.6400712,0.08031034,-1.439404,-4.375206,-2.667752,0.5083363,1.126749,0.3687923,-1.683602,-0.02465494,-0.05013079,-0.002768133,0.04350402,-0.7841997,-3.688166,-0.3153127,0.5947591,1.324087,0.3201082,-0.08289683,0.06192327,0.003772536,-1.03475,0.6063372,-0.1331551,0.7673018,1.403881,0.2252657,0.3052906,1.170251,0.1863279,279.4123,89.38739,143.056,False
1,0.9555568,-0.1198017,0.5730357,0.07106023,-1.441815,-4.378657,-2.667949,0.5076345,1.126764,0.3682237,-1.683557,0.004042946,-0.05780513,-0.02605394,0.02846657,-0.7839845,-3.689525,-0.3132637,0.5941312,1.324092,0.3195252,-0.0796748,0.05766394,0.006939531,-1.034644,0.607022,-0.1327847,0.7667952,1.403871,0.224911,0.303705,1.171459,0.1877052,279.5392,87.51112,145.4441,False
1,0.9666679,-0.06856802,0.5112497,0.05218866,-1.443508,-4.382164,-2.66829,0.5070362,1.126708,0.3676252,-1.684459,-0.08284775,-0.06436417,-0.04617419,0.01664067,-0.7838109,-3.691199,-0.3111419,0.5934137,1.324109,0.3188882,-0.08072439,0.06192771,0.006937712,-1.034696,0.6079822,-0.1322329,0.766294,1.403856,0.224525,0.301985,1.172355,0.1889903,279.591,85.93554,147.563,False
1,0.977779,-0.02692339,0.4451082,0.02378695,-1.444273,-4.38499,-2.669041,0.5064374,1.12658,0.3669143,-1.684686,-0.02035371,-0.08885974,-0.05357709,0.02104849,-0.7830902,-3.692076,-0.3086383,0.5926851,1.324049,0.3181474,-0.09147935,0.06195302,-0.0003677644,-1.034984,0.608718,-0.1312243,0.765637,1.403821,0.2241929,0.3002365,1.172873,0.1900416,279.5981,84.66206,149.3614,False
1,0.9888902,-0.007690161,0.4024111,0.003794998,-1.445165,-4.388051,-2.669171,0.5057086,1.126592,0.3663054,-1.684363,0.0293456,-0.1045651,-0.00354591,0.03329667,-0.782906,-3.689394,-0.3087874,0.5916898,1.324058,0.3174329,-0.09545416,0.08226502,0.01346898,-1.034529,0.6106925,-0.13101,0.764949,1.40385,0.2239318,0.2985947,1.172959,0.1907574,279.5266,83.86595,150.5971,False
1,1.000001,0.0190505,0.3298708,-0.01921178,-1.444788,-4.389394,-2.67004,0.5048107,1.126509,0.3656714,-1.684181,0.01595661,-0.1115233,0.08685954,0.05538298,-0.7829949,-3.68334,-0.3116128,0.5906754,1.32386,0.3166318,-0.09581208,0.1186262,0.05170457,-1.032918,0.6138317,-0.1315916,0.7641575,1.403839,0.223618,0.2971309,1.172623,0.1910932,279.3956,83.66108,151.1324,False
1,1.011112,0.0555108,0.2094333,-0.04085844,-1.443085,-4.388501,-2.671955,0.5038108,1.126377,0.3649821,-1.683161,0.09288311,-0.1228514,0.1645517,0.06994918,-0.7832064,-3.676958,-0.3143747,0.5895764,1.323766,0.3158238,-0.09741878,0.1379247,0.08255092,-1.031317,0.6166201,-0.1319743,0.7633673,1.403855,0.2232616,0.2958149,1.17195,0.1910172,279.2083,84.00889,150.9667,False
1,1.022224,0.07482257,0.1433551,-0.05217382,-1.442118,-4.388503,-2.673422,0.5028569,1.126225,0.3643191,-1.683226,-0.006929519,-0.1429222,0.2093596,0.07153663,-0.7836495,-3.671648,-0.3158538,0.5885444,1.323703,0.315007,-0.09911487,0.1550689,0.108089,-1.029557,0.6194657,-0.1322893,0.7625993,1.403855,0.2229488,0.2945153,1.171133,0.1905678,278.9611,84.79067,150.2167,False
1,1.033335,0.109114,0.04855849,-0.06226625,-1.440151,-4.386714,-2.675957,0.5018708,1.126123,0.3636158,-1.68368,-0.04162684,-0.1533288,0.240149,0.08891723,-0.7832415,-3.666187,-0.317648,0.5874599,1.323778,0.3141761,-0.09162085,0.1688732,0.1058048,-1.028755,0.6223551,-0.1330361,0.7617242,1.403875,0.2225702,0.2932973,1.170235,0.1898055,278.758,85.74047,149.251,False
1,1.044446,0.1305093,0.002740846,-0.07159574,-1.43857,-4.385974,-2.678197,0.501002,1.126049,0.3628502,-1.683054,0.05729328,-0.1320653,0.2165956,0.09388027,-0.7826141,-3.663547,-0.3187934,0.5863866,1.323732,0.3133917,-0.1024742,0.1614216,0.09425686,-1.028386,0.6240862,-0.1323788,0.7609018,1.403842,0.2221208,0.2922647,1.169229,0.1887439,278.6099,86.77733,148.1319,False
1,1.055557,0.1657131,-0.03994879,-0.09589082,-1.436062,-4.3852,-2.681336,0.5001495,1.12589,0.3619576,-1.683487,-0.04029175,-0.1194695,0.1985616,0.07871626,-0.7827941,-3.661329,-0.3194981,0.5852922,1.323642,0.3125286,-0.1090634,0.1507592,0.08372909,-1.02805,0.6256616,-0.1318116,0.7598978,1.403876,0.2215803,0.2913758,1.168167,0.1874611,278.4543,87.89359,146.849,False
1,1.066668,0.1933916,-0.05280446,-0.1182368,-1.433933,-4.38551,-2.684273,0.49947,1.125696,0.3610606,-1.683059,0.0393062,-0.09650302,0.2010882,0.0199581,-0.7852192,-3.659008,-0.3208531,0.584007,1.323423,0.311528,-0.1132153,0.1401695,0.09554389,-1.026747,0.6272845,-0.1312414,0.758908,1.403845,0.2210152,0.2906545,1.167055,0.1860195,278.309,89.16914,145.3726,False
1,1.077779,0.2103711,-0.03365226,-0.1279878,-1.432537,-4.386548,-2.687022,0.4987736,1.12541,0.3602715,-1.683571,-0.04749283,-0.08056259,0.2288667,0.003004231,-0.7868139,-3.654504,-0.3236534,0.5827214,1.323226,0.3105941,-0.1126455,0.1307413,0.1403177,-1.023825,0.6290233,-0.1309559,0.757634,1.403968,0.2204306,0.2900156,1.165941,0.1844992,278.1874,90.65887,143.6707,False
1,1.08889,0.2188073,0.002588885,-0.1282444,-1.431896,-4.38834,-2.689466,0.4980575,1.125238,0.3595111,-1.683244,0.03015414,-0.06783202,0.268424,-0.02022232,-0.789199,-3.649236,-0.3270037,0.5813022,1.323021,0.3096123,-0.1065227,0.1479497,0.1913024,-1.020491,0.632247,-0.1317506,0.7563356,1.404188,0.2198811,0.2894268,1.164792,0.1829952,278.137,92.28633,141.8464,False
1,1.100002,0.2325514,0.06451885,-0.1116313,-1.432675,-4.391151,-2.692264,0.4971337,1.1249,0.3588419,-1.682798,0.04020654,-0.07296775,0.3185005,-0.01871329,-0.7910334,-3.642443,-0.3307662,0.5798458,1.322781,0.3086283,-0.1016993,0.1672225,0.2252582,-1.017241,0.6356499,-0.132573,0.7550452,1.404335,0.2193465,0.2888128,1.163589,0.1816355,278.0925,93.89442,140.0334,False
1,1.111113,0.2495419,0.1201706,-0.07901735,-1.434216,-4.393918,-2.695296,0.4964396,1.124518,0.3582892,-1.68229,0.04603091,-0.07164142,0.3449654,0.001730345,-0.7918712,-3.635827,-0.3346749,0.5784524,1.322684,0.3076351,-0.0946476,0.1950308,0.2634165,-1.013457,0.6400461,-0.1340286,0.753672,1.40451,0.2188902,0.2880327,1.162374,0.1805408,278.0003,95.32114,138.4231,False
1,1.122224,0.2569899,0.1662964,-0.03459638,-1.436673,-4.396555,-2.698029,0.4956132,1.124084,0.3577814,-1.682506,-0.02035701,-0.06603837,0.362839,0.02845977,-0.7921855,-3.629231,-0.3387115,0.5770797,1.322555,0.3066683,-0.0893316,0.2035154,0.2601134,-1.011198,0.643379,-0.1348894,0.7524241,1.404604,0.2183552,0.2869329,1.161246,0.1797944,277.8496,96.5531,137.0842,False
1,1.133335,0.2602045,0.1985381,0.006723007,-1.439207,-4.39886,-2.700727,0.4948569,1.123582,0.357034,-1.682539,-0.002943714,-0.05532625,0.3477772,0.04210127,-0.7924364,-3.624369,-0.3418713,0.5757024,1.322491,0.3057308,-0.08851008,0.1864239,0.248448,-1.009014,0.6455523,-0.135091,0.7511122,1.404693,0.2177012,0.2854894,1.160219,0.1795118,277.6657,97.13012,136.5237,False
1,1.144446,0.2655372,0.2168038,0.0289677,-1.441369,-4.40102,-2.703593,0.4940604,1.123189,0.3565097,-1.682005,0.04877334,-0.0309957,0.3050947,0.04048583,-0.7928534,-3.621624,-0.3441845,0.5742573,1.322402,0.3048317,-0.0908497,0.1693558,0.2389545,-1.006838,0.6474468,-0.1350934,0.7497505,1.404711,0.2170177,0.2838762,1.159225,0.179759,277.4291,97.02117,136.8301,False
1,1.155557,0.2591654,0.2308063,0.05445707,-1.444022,-4.403131,-2.705956,0.4932677,1.122783,0.3558881,-1.681686,0.02858566,-0.01549773,0.2456445,0.007912055,-0.7941733,-3.621047,-0.3448088,0.572812,1.322202,0.3038919,-0.09005104,0.1331031,0.232683,-1.004483,0.6480187,-0.1343975,0.7484412,1.404818,0.2162743,0.2821176,1.15827,0.1804119,277.1541,96.16706,138.0763,False
1,1.166668,0.2463865,0.2361549,0.0619057,-1.44605,-4.405349,-2.708008,0.4925036,1.122187,0.3551421,-1.681664,0.001760402,-0.004006952,0.2426246,-0.01883943,-0.7960732,-3.618024,-0.3472445,0.5712028,1.32208,0.3028502,-0.08914939,0.1128432,0.227415,-1.002263,0.6491617,-0.1341485,0.7469988,1.40489,0.2155929,0.2803201,1.157339,0.1812539,276.8745,94.99255,139.784,False
1,1.17778,0.2346451,0.2435624,0.05761661,-1.44771,-4.407978,-2.709968,0.4916776,1.121705,0.3544433,-1.681046,0.05639659,0.001325175,0.2639802,-0.02724077,-0.7979395,-3.613364,-0.3506536,0.569621,1.32183,0.3018827,-0.08693684,0.1213638,0.2305486,-0.9998423,0.6514971,-0.1344912,0.7454498,1.404965,0.2148926,0.2785785,1.156423,0.1821022,276.6063,93.97495,141.3059,False
1,1.188891,0.2314406,0.2413811,0.05124833,-1.449167,-4.410205,-2.712216,0.4907984,1.121154,0.3535986,-1.680621,0.03834225,0.006718516,0.3087988,-0.03863921,-0.8004535,-3.607121,-0.355295,0.567935,1.321563,0.3008082,-0.09091185,0.1310356,0.2476172,-0.9967487,0.6541803,-0.1348329,0.743857,1.405122,0.2142165,0.276918,1.155545,0.1827909,276.3672,92.80653,142.9297,False
1,1.200002,0.2292821,0.2445271,0.04377618,-1.450593,-4.412746,-2.714332,0.4897731,1.120625,0.3528659,-1.680529,0.008051039,0.002770901,0.3480574,-0.01592012,-0.8017404,-3.599981,-0.3600019,0.566127,1.321312,0.2997656,-0.08848604,0.1406761,0.2656603,-0.993472,0.6569424,-0.135422,0.7422,1.405189,0.2135589,0.2753747,1.154686,0.1831995,276.2059,91.85211,144.2599,False
1,1.211113,0.2335197,0.2455475,0.03524652,-1.451967,-4.415236,-2.716806,0.4887065,1.120178,0.3521399,-1.680766,-0.02168722,-0.0128637,0.3905357,0.007986009,-0.802958,-3.592047,-0.3648493,0.5644279,1.321076,0.2986522,-0.08695862,0.1535742,0.2943595,-0.9895257,0.6604651,-0.1364508,0.7405597,1.405247,0.2128255,0.2739151,1.153855,0.1832817,276.0878,91.3521,145.0104,False
1,1.222224,0.2335102,0.2433735,0.02887485,-1.453197,-4.417524,-2.719117,0.4874165,1.119671,0.3513095,-1.680694,0.006753162,-0.02544898,0.4117587,0.02424268,-0.8040558,-3.584842,-0.3690292,0.5627687,1.320776,0.297616,-0.07165243,0.1663671,0.3175389,-0.9856567,0.6638125,-0.1381667,0.7388641,1.405338,0.2122214,0.2725193,1.153027,0.1830408,276.0053,91.03722,145.457,False
1,1.233335,0.2281372,0.2454045,0.01502562,-1.454138,-4.420248,-2.72097,0.4862681,1.119226,0.3505392,-1.681016,-0.02945524,-0.0305385,0.4200927,0.04991923,-0.8044946,-3.577911,-0.373352,0.5610834,1.320441,0.2966635,-0.05678995,0.1620251,0.3152187,-0.9824971,0.6663316,-0.1394375,0.7372215,1.40538,0.2115648,0.2711142,1.152188,0.1825539,275.9235,91.05441,145.4447,False
1,1.244446,0.2206343,0.2506275,0.001171332,-1.455155,-4.423153,-2.722844,0.4850582,1.118831,0.3497987,-1.680838,0.01643533,-0.0304397,0.4167846,0.06373822,-0.8051279,-3.571537,-0.3774141,0.5594767,1.320095,0.2957313,-0.04317188,0.1587029,0.3001274,-0.9799809,0.6686582,-0.1405869,0.7356476,1.405403,0.2108812,0.2696448,1.15133,0.1819314,275.8384,91.24329,145.212,False
1,1.255558,0.2067544,0.2537122,-0.01160331,-1.455902,-4.426168,-2.724415,0.4838136,1.118348,0.3489881,-1.680392,0.04068705,-0.0275358,0.3743048,0.04632773,-0.8062033,-3.567938,-0.3796959,0.5578875,1.319639,0.2948961,-0.00965032,0.1392323,0.2656401,-0.9783719,0.6699972,-0.1423385,0.7340537,1.405375,0.2102571,0.2680465,1.150434,0.1812564,275.7488,91.51479,144.9076,False
1,1.266669,0.2046096,0.2472259,-0.02540392,-1.456291,-4.428813,-2.726329,0.4825314,1.117981,0.3481822,-1.680402,-0.001285628,-0.01957104,0.3085492,0.006312557,-0.8078545,-3.566861,-0.3804975,0.5561827,1.319368,0.2940774,-0.004783586,0.1327534,0.2314941,-0.9773194,0.6727914,-0.144387,0.7325662,1.404976,0.2093592,0.2663736,1.149492,0.1806561,275.6155,92.19859,144.2149,False
1,1.27778,0.1875979,0.2226206,-0.03586006,-1.456286,-4.430748,-2.727597,0.4812096,1.117662,0.3474412,-1.680158,0.02233374,-0.01456003,0.2692918,-0.01536115,-0.8094289,-3.565072,-0.3817186,0.5545292,1.318951,0.2932734,-0.01239863,0.1327494,0.2198885,-0.9753439,0.675002,-0.14526,0.7308354,1.405073,0.2087638,0.2646137,1.148546,0.1802164,275.4661,92.93816,143.5175,False
1,1.288891,0.17169,0.184171,-0.04515681,-1.455894,-4.43184,-2.728912,0.4797676,1.11733,0.346772,-1.680475,-0.02908335,-0.007317558,0.24062,-0.02950016,-0.8108053,-3.563084,-0.38328,0.5526991,1.318726,0.2924883,-0.01221961,0.1477448,0.225148,-0.9732416,0.679045,-0.1477367,0.7290785,1.40505,0.2082689,0.2627626,1.147621,0.1799619,275.3221,93.51863,143.0686,False
1,1.300002,0.1568265,0.1595976,-0.05028208,-1.455675,-4.433001,-2.73013,0.4782562,1.116918,0.346138,-1.679842,0.05823208,-0.01383294,0.2375503,-0.04225815,-0.8126045,-3.560244,-0.384728,0.550906,1.318381,0.2916007,-0.003135085,0.1701898,0.2579657,-0.9697251,0.6827939,-0.1501006,0.7271645,1.405218,0.2077246,0.2608621,1.146733,0.1798646,275.1783,94.00873,142.7839,False
1,1.311113,0.1334739,0.1243883,-0.04999343,-1.455304,-4.433379,-2.730786,0.4767158,1.116567,0.3454514,-1.6798,0.003317984,-0.02541244,0.2695246,-0.03871515,-0.8144602,-3.555187,-0.3874886,0.5490673,1.318071,0.2905223,-0.003789231,0.1873215,0.2813527,-0.9662539,0.6866037,-0.1522934,0.7252392,1.405547,0.2074237,0.258956,1.145902,0.1798443,275.0371,94.48511,142.5449,False
1,1.322224,0.1069102,0.09341105,-0.05292497,-1.454718,-4.433744,-2.731129,0.4751307,1.116177,0.3448155,-1.679822,-0.001895359,-0.02202469,0.2971056,-0.0257448,-0.8159664,-3.549858,-0.3909108,0.5472928,1.317696,0.2895634,-0.003696039,0.1947926,0.2855813,-0.9634379,0.6900364,-0.1541832,0.7233609,1.405638,0.2068865,0.2570805,1.145145,0.1798051,274.9381,94.84119,142.4032,False
1,1.333336,0.0877839,0.07204063,-0.05593453,-1.454156,-4.434173,-2.731564,0.4734904,1.115855,0.3442888,-1.679295,0.04830413,-0.02391198,0.3043558,0.0009628832,-0.8164921,-3.544724,-0.3941124,0.5454498,1.317446,0.2886429,-0.003828183,0.1873026,0.2792206,-0.9608685,0.6925831,-0.1555457,0.7214583,1.4058,0.2064397,0.2552409,1.144456,0.179683,274.8745,94.90157,142.5186,False
1,1.344447,0.07289889,0.05815031,-0.0568694,-1.453694,-4.434609,-2.731846,0.4719353,1.115536,0.3436949,-1.679082,0.0191355,-0.0246757,0.2933593,0.04456677,-0.8157481,-3.540057,-0.3968358,0.5436001,1.317146,0.287606,-0.009328246,0.1766436,0.2708144,-0.9583838,0.6950247,-0.1566072,0.7196461,1.405844,0.2058043,0.2534488,1.143843,0.1794001,274.8233,94.98411,142.58,False
1,1.355558,0.06333782,0.04532737,-0.05996153,-1.453044,-4.435129,-2.732261,0.4702725,1.115321,0.3431053,-1.679346,-0.02410962,-0.02461992,0.2943732,0.05096668,-0.8163121,-3.535429,-0.3997343,0.5417873,1.316866,0.2866974,-0.0166305,0.1756456,0.2826417,-0.955131,0.6978911,-0.1578314,0.7178221,1.4059,0.2052674,0.2517188,1.143312,0.1789325,274.8019,95.45967,142.1617,False
1,1.366669,0.05589829,0.03677276,-0.06202193,-1.452369,-4.435575,-2.732634,0.468689,1.115045,0.3423738,-1.679398,-0.00441333,-0.02117819,0.3208331,0.07138292,-0.8168714,-3.528985,-0.4038841,0.5399215,1.316728,0.2859995,-0.01650485,0.1682834,0.2922458,-0.9521371,0.7014704,-0.1599343,0.7161617,1.405623,0.2043939,0.2500588,1.142867,0.178329,274.7999,96.13232,141.4589,False
1,1.37778,0.05271507,0.02824283,-0.0619622,-1.451709,-4.435911,-2.73297,0.467017,1.114916,0.3417809,-1.679694,-0.02693118,-0.02433464,0.3208055,0.07673585,-0.8173295,-3.523906,-0.4069097,0.538163,1.316391,0.2852015,-0.01224005,0.1629304,0.2943408,-0.9490728,0.7039027,-0.1614041,0.7143508,1.405669,0.2038448,0.2484607,1.142506,0.177641,274.8107,96.7843,140.7489,False
1,1.388891,0.04528688,0.01757849,-0.06081199,-1.451025,-4.436006,-2.733249,0.4653766,1.114717,0.3411098,-1.679805,-0.009821355,-0.02868386,0.2931089,0.07866841,-0.8174898,-3.520612,-0.4086253,0.5363984,1.316251,0.2844198,-0.01034339,0.1468938,0.2837265,-0.9464288,0.7057029,-0.1623708,0.7125937,1.405789,0.2035344,0.2468651,1.142233,0.1769029,274.8511,97.36644,140.1142,False
1,1.400002,0.04422199,0.01757864,-0.05974604,-1.450476,-4.436398,-2.733634,0.4637735,1.114535,0.3404682,-1.679874,-0.006165953,-0.03110495,0.2570556,0.05922594,-0.8181055,-3.518456,-0.4096091,0.534833,1.315899,0.2837145,-0.008511186,0.1361644,0.2666854,-0.9443952,0.7074814,-0.163264,0.7109739,1.405876,0.2029912,0.2452786,1.142008,0.1761443,274.9044,97.79684,139.6457,False
1,1.411114,0.04100459,0.03252298,-0.05450995,-1.450433,-4.437375,-2.733915,0.4621384,1.114282,0.3397892,-1.679895,-0.001841406,-0.03027269,0.2273462,0.04405601,-0.8189076,-3.516517,-0.4105628,0.5331241,1.315773,0.2830467,0.001777902,0.1062146,0.2506707,-0.9421976,0.7079924,-0.1640443,0.7093301,1.406015,0.2024841,0.243672,1.141823,0.175395,274.9504,98.23077,139.1636,False
1,1.422225,0.03885826,0.04212666,-0.05137331,-1.45032,-4.438282,-2.734159,0.460521,1.114095,0.3391356,-1.680128,-0.02122581,-0.02064854,0.2187263,0.05242603,-0.8190147,-3.513164,-0.4129072,0.531552,1.315295,0.2821994,0.007984877,0.09655206,0.2410322,-0.9399478,0.7093046,-0.1650489,0.7077703,1.406044,0.2019815,0.2420671,1.141641,0.1746764,274.9957,98.52814,138.8377,False
1,1.433336,0.03458808,0.04850768,-0.05140444,-1.450083,-4.439167,-2.734412,0.4588646,1.113893,0.3385127,-1.680195,-0.005884899,-0.01422898,0.2144002,0.05766619,-0.8191702,-3.509901,-0.4151991,0.5299147,1.315028,0.2814977,0.01007964,0.08805999,0.2399586,-0.9376644,0.7113987,-0.1666135,0.7062614,1.405768,0.2011783,0.2404496,1.141444,0.1740143,275.0394,98.7523,138.5905,False
1,1.444447,0.02499554,0.05276366,-0.04928157,-1.449948,-4.440083,-2.73428,0.457246,1.11374,0.3378658,-1.680214,-0.001684935,-0.02818117,0.1921071,0.05439468,-0.8194302,-3.507946,-0.4157911,0.5282733,1.314667,0.2806253,0.008003101,0.09233388,0.2431802,-0.934866,0.7133353,-0.1676481,0.7045115,1.405963,0.2007885,0.2387588,1.141229,0.1734346,275.0672,98.79861,138.54,False
1,1.455558,0.01647286,0.05274324,-0.04926229,-1.449698,-4.440845,-2.734113,0.4555657,1.113587,0.3372514,-1.680279,-0.00586881,-0.03779954,0.1868221,0.05336457,-0.8196992,-3.505228,-0.41688,0.5266708,1.314385,0.2799215,0.006886691,0.09551495,0.2389211,-0.9325735,0.7152082,-0.1687214,0.7027635,1.405984,0.2003496,0.236994,1.140993,0.172951,275.0723,98.93916,138.4315,False
1,1.466669,0.005812032,0.05805006,-0.04821121,-1.449508,-4.441768,-2.733789,0.4540067,1.113415,0.3365979,-1.679966,0.02875279,-0.03668402,0.1921045,0.05764695,-0.8200283,-3.502092,-0.4186228,0.5250704,1.314248,0.2791247,0.009922028,0.09332457,0.228238,-0.9304978,0.7167603,-0.169837,0.7011772,1.406011,0.1999807,0.2351661,1.140734,0.1725566,275.0607,99.16782,138.2681,False
1,1.47778,0.003692563,0.0591292,-0.04501118,-1.449493,-4.4425,-2.733806,0.4522442,1.113242,0.3360147,-1.679954,0.0008516919,-0.02922986,0.1942163,0.05653469,-0.8204256,-3.499019,-0.4206292,0.5235127,1.313932,0.2784142,0.001343131,0.09440726,0.2240929,-0.9283028,0.7184591,-0.1705558,0.6994934,1.405991,0.1995475,0.233288,1.140481,0.1722244,275.0222,99.45312,138.0792,False
1,1.488891,-0.002694183,0.05377373,-0.04708361,-1.449202,-4.443077,-2.733481,0.4506697,1.113114,0.3356225,-1.67991,0.004154194,-0.03782502,0.1996514,0.04598683,-0.8213072,-3.496103,-0.4218005,0.5220149,1.313725,0.2779808,0.0002723634,0.09759328,0.2230387,-0.9259481,0.7202842,-0.1715667,0.6979648,1.405981,0.199163,0.231398,1.140257,0.1719247,274.9837,99.70644,137.9409,False
1,1.500003,-0.006947957,0.05057785,-0.04598841,-1.448943,-4.443736,-2.733159,0.4491767,1.113031,0.3350987,-1.680302,-0.0359022,-0.03571416,0.1943236,0.04591805,-0.8217993,-3.493303,-0.4233574,0.520485,1.313514,0.2773433,0.001386911,0.09866498,0.2262156,-0.9235464,0.7222537,-0.1728088,0.6964236,1.406015,0.1987755,0.2295384,1.140075,0.1716308,274.9584,99.85964,137.8996,False
1,1.511114,-0.01224499,0.04098734,-0.04377944,-1.448631,-4.443927,-2.732847,0.447606,1.112969,0.3344755,-1.680055,0.02305312,-0.0409255,0.1931559,0.06086395,-0.8215975,-3.490027,-0.4249444,0.5190886,1.313298,0.2768013,0.007659405,0.09969451,0.2165322,-0.9217808,0.7246233,-0.1745518,0.6950763,1.40574,0.197983,0.2277047,1.139938,0.1713268,274.9574,99.86813,137.9562,False
1,1.522225,-0.02069255,0.01330851,-0.03824756,-1.448175,-4.443413,-2.732395,0.4461813,1.112992,0.3340359,-1.680102,-0.004486925,-0.05139357,0.1855229,0.0875258,-0.8206339,-3.486625,-0.4262933,0.5176563,1.313187,0.276283,0.02013102,0.09103101,0.1972187,-0.9202489,0.7258481,-0.1758965,0.693642,1.405854,0.1978178,0.2259962,1.139821,0.1710455,274.9512,100.0694,137.7995,False
1,1.533336,-0.01959829,0.00480087,-0.03605872,-1.447817,-4.443319,-2.732304,0.4446736,1.112956,0.3335869,-1.680136,-0.003084732,-0.0492678,0.1694856,0.09377268,-0.8200454,-3.484215,-0.4274616,0.5162536,1.313054,0.2757478,0.02301502,0.08454573,0.1769592,-0.9190553,0.7270082,-0.1769335,0.6921888,1.40582,0.1974411,0.2243781,1.13976,0.170747,274.9463,100.1892,137.7563,False
1,1.544447,-0.02705836,0.003700261,-0.03815149,-1.447518,-4.443413,-2.731755,0.4433091,1.11292,0.3332021,-1.679984,0.01399487,-0.0410444,0.1269905,0.07525223,-0.8199213,-3.484173,-0.4272837,0.5149664,1.313015,0.275285,0.01928456,0.07378029,0.1429584,-0.9185935,0.7276887,-0.1773133,0.6908923,1.405872,0.1971338,0.2228379,1.139769,0.1703676,274.9461,100.1487,137.8769,False
1,1.555558,-0.03025861,0.004742719,-0.040277,-1.447142,-4.443681,-2.731322,0.4418857,1.112855,0.3328052,-1.680446,-0.04225086,-0.03475396,0.1227859,0.06557634,-0.8200997,-3.482326,-0.4282451,0.5135317,1.312876,0.2747951,0.008425787,0.05995505,0.1335707,-0.9174425,0.7283606,-0.177398,0.6894952,1.405884,0.1967897,0.221446,1.139837,0.1698902,274.9604,100.2255,137.8195,False
1,1.566669,-0.03775233,0.01212701,-0.04774692,-1.446826,-4.44418,-2.730555,0.4406525,1.112867,0.3325264,-1.680119,0.03028583,-0.03695804,0.1217949,0.05706017,-0.820342,-3.480504,-0.4289831,0.512251,1.312758,0.2742772,0.004102983,0.04506245,0.1347505,-0.9158909,0.7286702,-0.1774568,0.6881347,1.406075,0.19647,0.220148,1.139954,0.169328,275.0278,100.2462,137.744,False
1,1.577781,-0.04095771,0.01423697,-0.04988397,-1.446372,-4.444637,-2.729962,0.4392822,1.112864,0.3321941,-1.680267,-0.01378473,-0.04334198,0.1282302,0.0550309,-0.820587,-3.478091,-0.4299479,0.5109779,1.312646,0.2737772,0.008505702,0.05146496,0.1431849,-0.9142536,0.7300842,-0.1784867,0.686875,1.406065,0.1961505,0.2189172,1.140096,0.1687422,275.1165,100.2921,137.6034,False
1,1.588892,-0.03884194,0.01743919,-0.04882769,-1.446225,-4.444921,-2.729461,0.4380447,1.112582,0.3319755,-1.680045,0.02049192,-0.03564181,0.1407925,0.07957375,-0.8198488,-3.474687,-0.4321165,0.5097826,1.312409,0.273355,0.01925696,0.06206017,0.1472674,-0.9125545,0.731472,-0.1797857,0.6856397,1.405972,0.1957362,0.2176999,1.140251,0.1681875,275.2106,100.4062,137.3854,False
1,1.600003,-0.0313648,0.007862895,-0.04984244,-1.445653,-4.444918,-2.729355,0.436703,1.112591,0.3317645,-1.680251,-0.01903783,-0.02706899,0.1471235,0.08382539,-0.8195505,-3.471644,-0.4341035,0.5085362,1.312274,0.2729666,0.03328364,0.07161411,0.1566275,-0.9107335,0.733313,-0.1817634,0.6844047,1.405976,0.1954327,0.2164947,1.140415,0.1677331,275.2813,100.6758,137.0319,False
1,1.611114,-0.03026093,-0.01560663,-0.05392331,-1.444906,-4.444052,-2.729073,0.4353941,1.112511,0.331625,-1.680402,-0.01363507,-0.01024971,0.1152169,0.06958398,-0.8193982,-3.471279,-0.4347832,0.5073829,1.312172,0.2726307,0.03634297,0.07049492,0.1480539,-0.9096836,0.7343558,-0.1826798,0.683373,1.405925,0.1951959,0.215257,1.140583,0.1673973,275.3777,100.6614,137.0038,False
1,1.622225,-0.03016385,-0.06785107,-0.06208483,-1.44337,-4.442251,-2.728824,0.4343077,1.112593,0.3313324,-1.6808,-0.03626058,-0.005289856,0.06424989,0.04676991,-0.8191601,-3.472373,-0.4340164,0.5063738,1.312065,0.2722909,0.03393651,0.05659916,0.1332272,-0.9086205,0.7347921,-0.1832042,0.6822994,1.40585,0.1949229,0.2140462,1.140681,0.1672067,275.4704,100.2454,137.415,False
1,1.633336,-0.02478782,-0.09451263,-0.06831197,-1.441764,-4.440946,-2.728876,0.4331281,1.112612,0.3311524,-1.680566,0.02176334,-0.002293337,0.03450513,0.03478947,-0.8189157,-3.473182,-0.4335384,0.5052846,1.311916,0.271966,0.02955532,0.04701331,0.1279957,-0.9074364,0.7353178,-0.1837056,0.6811543,1.405843,0.1946387,0.2128003,1.140716,0.1670983,275.5252,100.095,137.5992,False
1,1.644447,-0.01835479,-0.1190285,-0.07347342,-1.440318,-4.439379,-2.728988,0.432003,1.112594,0.3307273,-1.680457,0.009744234,0.01380573,0.05570562,0.0412261,-0.8187782,-3.471084,-0.4355595,0.5042763,1.311761,0.2716746,0.02083203,0.04703538,0.1121303,-0.9070023,0.7368,-0.1847041,0.6801655,1.405586,0.19403,0.2116123,1.140657,0.1670079,275.5272,100.1011,137.6823,False
1,1.655559,-0.009834334,-0.1265051,-0.08090184,-1.438656,-4.438487,-2.729227,0.4307252,1.11261,0.3305812,-1.680821,-0.03335845,0.01174595,0.06740069,0.0456003,-0.8186536,-3.469024,-0.436944,0.5031434,1.311615,0.2712991,0.02198125,0.05556664,0.1163289,-0.9059349,0.7381821,-0.1856311,0.6791703,1.405624,0.1937513,0.2105754,1.140521,0.166806,275.5036,100.6686,137.2206,False
1,1.66667,0.0008383859,-0.1392585,-0.0818869,-1.437342,-4.437079,-2.729679,0.4296447,1.112617,0.3303385,-1.68088,-0.005051107,0.005461939,0.08335054,0.0521704,-0.8185716,-3.466624,-0.4384391,0.5022538,1.311502,0.2709866,0.02194839,0.05767819,0.1131278,-0.904883,0.7392201,-0.1865459,0.67815,1.405742,0.1935995,0.2096403,1.140345,0.1664221,275.5147,101.3955,136.5203,False
1,1.677781,0.01470489,-0.1563374,-0.09245747,-1.435168,-4.435541,-2.730508,0.4285304,1.11269,0.3301883,-1.681065,-0.01694993,-0.003057398,0.08444791,0.05225349,-0.8183963,-3.465087,-0.4391553,0.5012569,1.31137,0.2706797,0.01749282,0.04700866,0.1036246,-0.9042641,0.7394539,-0.1865856,0.6772025,1.405766,0.1933842,0.2087459,1.140149,0.1658137,275.5529,102.1249,135.7285,False
1,1.688892,0.03073739,-0.1850787,-0.09654603,-1.433155,-4.433242,-2.731592,0.4275096,1.112693,0.3300087,-1.681182,-0.01059683,-0.01048435,0.08337277,0.0565661,-0.8180704,-3.463551,-0.4398349,0.500403,1.311261,0.2703841,0.01528808,0.04274105,0.09941188,-0.9033431,0.7401072,-0.1871747,0.6762429,1.405858,0.1932518,0.2078473,1.139932,0.1650628,275.6098,103.1574,134.5153,False
1,1.700003,0.03931238,-0.2074322,-0.09748213,-1.430943,-4.430894,-2.732643,0.4264432,1.112711,0.3298235,-1.681481,-0.02725627,-0.005310867,0.05891861,0.04887739,-0.8177055,-3.463447,-0.4399798,0.4995355,1.311198,0.2700424,0.01515886,0.03632208,0.09304056,-0.9025927,0.7404121,-0.1874232,0.6752635,1.405777,0.1930394,0.2070218,1.139665,0.1642646,275.642,104.2414,133.2424,False
1,1.711114,0.05422977,-0.2127169,-0.09852561,-1.429256,-4.429081,-2.733906,0.4255575,1.11265,0.3295803,-1.681569,-0.007967569,-0.00437415,0.03445653,0.04334794,-0.8172389,-3.46387,-0.4396871,0.4986504,1.311086,0.269779,0.01072509,0.02674933,0.08247203,-0.9023189,0.7410014,-0.1879755,0.6744564,1.405589,0.1926003,0.206292,1.139323,0.1634707,275.6877,105.5827,131.7232,False
1,1.722225,0.06911039,-0.196718,-0.1007898,-1.427589,-4.42806,-2.735466,0.4245762,1.11273,0.3293531,-1.681427,0.01297849,-0.009663934,0.04513304,0.04347695,-0.8171909,-3.462337,-0.4404232,0.4976732,1.311052,0.2695079,0.0097358,0.03316584,0.08671203,-0.9014555,0.7420636,-0.1885177,0.6736056,1.40573,0.1926599,0.2056756,1.138883,0.1626907,275.7225,106.7537,130.3938,False
1,1.733337,0.07333893,-0.1839117,-0.09980936,-1.426143,-4.427062,-2.736478,0.4236553,1.112778,0.3291337,-1.681588,-0.01490616,-0.01394453,0.0569246,0.03614799,-0.8175329,-3.460824,-0.4411407,0.496846,1.310862,0.2692528,0.008777715,0.04066394,0.09307203,-0.9006257,0.7433945,-0.1891627,0.6727931,1.405771,0.1925187,0.205102,1.138365,0.1619032,275.7445,107.9504,129.0445,False
1,1.744448,0.07859537,-0.1551501,-0.1021415,-1.424796,-4.426939,-2.737588,0.4228899,1.112757,0.3289897,-1.681896,-0.02814996,-0.02258216,0.04851031,0.02656299,-0.8176336,-3.460565,-0.4406671,0.4960611,1.310712,0.2689354,0.00234358,0.04387555,0.08888704,-0.8999285,0.7443594,-0.1895382,0.6719893,1.405745,0.1924579,0.2045281,1.137788,0.1611325,275.7428,109.2675,127.5713,False
1,1.755559,0.08174749,-0.1359065,-0.09586342,-1.424083,-4.42658,-2.738475,0.4221175,1.112616,0.3288703,-1.681262,0.05821564,-0.03436797,0.06999189,0.00978956,-0.81862,-3.458908,-0.4409537,0.4952217,1.310436,0.2686214,-0.00720986,0.05350985,0.08896402,-0.8994145,0.7456128,-0.1896868,0.6712749,1.405794,0.1924233,0.2038355,1.137207,0.1604168,275.7322,110.856,125.8212,False
1,1.76667,0.08814781,-0.1358209,-0.08733072,-1.42326,-4.425464,-2.739689,0.4213167,1.112465,0.3288262,-1.681313,-0.00536057,-0.03426513,0.09233537,0.01316191,-0.8191154,-3.456527,-0.4422195,0.4944038,1.310184,0.2682946,-0.0004291609,0.0748769,0.1079577,-0.8980749,0.7483853,-0.1919258,0.6706096,1.405486,0.1921561,0.2030506,1.136638,0.1598276,275.705,112.5088,124.0358,False
1,1.777781,0.09454552,-0.1368514,-0.084142,-1.421875,-4.424315,-2.741064,0.4204988,1.112247,0.3287587,-1.681003,0.02844855,-0.02148906,0.1040567,0.007831112,-0.8198131,-3.454528,-0.443763,0.4935831,1.310008,0.2680004,-0.007616885,0.08987696,0.1229168,-0.8964786,0.7506114,-0.1928568,0.669642,1.405424,0.1921115,0.2022534,1.136078,0.159456,275.6858,113.9279,122.5295,False
1,1.788892,0.1073399,-0.146392,-0.08407699,-1.420783,-4.422933,-2.742708,0.4196908,1.112082,0.3286817,-1.681126,-0.01150467,-0.02575567,0.1126267,0.003671391,-0.8205727,-3.452749,-0.4445231,0.4928355,1.309804,0.2677779,-0.01616797,0.08566853,0.1209216,-0.8954256,0.7522491,-0.1936757,0.6689687,1.405241,0.1919031,0.201462,1.135532,0.1593086,275.6426,114.7212,121.7193,False
1,1.800003,0.1265645,-0.1687248,-0.08610725,-1.418807,-4.421031,-2.74501,0.4188315,1.112095,0.3285577,-1.681243,-0.01066915,-0.02578633,0.1201346,-0.00265882,-0.8214334,-3.450931,-0.4453964,0.4921837,1.309538,0.2675679,-0.0185101,0.08244357,0.1081602,-0.8951353,0.7534948,-0.1938978,0.6683738,1.40537,0.1918166,0.2007064,1.134986,0.1593117,275.6095,115.12,121.3767,False
1,1.811115,0.1393594,-0.1847158,-0.0945287,-1.416975,-4.419189,-2.747123,0.4180074,1.112065,0.3283408,-1.681414,-0.01561141,-0.01623838,0.1147999,-0.004909262,-0.8220336,-3.449563,-0.446439,0.4914576,1.309332,0.2673383,-0.01331757,0.07707853,0.09958223,-0.8945563,0.7549134,-0.194953,0.6677368,1.405195,0.1916289,0.1999786,1.134409,0.1593587,275.6025,115.5114,121.0692,False
1,1.822226,0.1533095,-0.2326727,-0.1027665,-1.41409,-4.415908,-2.749817,0.4172224,1.112033,0.3282626,-1.681907,-0.04500594,-0.01009043,0.08936474,-0.02433813,-0.8229136,-3.449965,-0.4462531,0.4908796,1.309125,0.2672019,-0.002845369,0.06952436,0.08987373,-0.8940504,0.7555525,-0.1955482,0.6668951,1.405062,0.1915479,0.1992592,1.133799,0.1593487,275.57,116.1447,120.5148,False
1,1.833337,0.151261,-0.2796191,-0.1152152,-1.411156,-4.412342,-2.751843,0.4164866,1.111957,0.3280206,-1.68165,0.02382934,-0.001651786,0.06803846,-0.02563556,-0.8231288,-3.450022,-0.4464417,0.4902848,1.309015,0.2670202,0.002294913,0.06520697,0.07913473,-0.8940844,0.7565103,-0.1960414,0.6667324,1.405453,0.1914299,0.198552,1.13314,0.1591821,275.5464,117.2727,119.4445,False
1,1.844448,0.1481239,-0.3116182,-0.1213703,-1.408343,-4.408782,-2.75385,0.415843,1.111912,0.3277791,-1.681833,-0.01711208,0.009886239,0.0435909,-0.03764246,-0.8237082,-3.450915,-0.4463397,0.4896624,1.308872,0.2668841,0.0001540706,0.06308703,0.07917234,-0.8933462,0.7575198,-0.1966052,0.6661458,1.405457,0.1913369,0.1979175,1.132399,0.1588145,275.5316,118.6719,118.0546,False
1,1.855559,0.1470889,-0.3222812,-0.1223588,-1.405656,-4.405602,-2.756073,0.4152581,1.111761,0.3276742,-1.681022,0.07419005,0.01066991,0.01928482,-0.06235544,-0.8249924,-3.4525,-0.4454033,0.4890756,1.308664,0.2667363,-0.007296614,0.05785225,0.08141349,-0.8927326,0.7591662,-0.1973261,0.6653601,1.405765,0.1910043,0.1974934,1.131501,0.1582195,275.5498,120.3195,116.3487,False
1,1.86667,0.153479,-0.322271,-0.1234351,-1.403034,-4.402761,-2.758432,0.4147502,1.111631,0.3272681,-1.680836,0.0163622,0.001074132,0.01506245,-0.06230693,-0.8255965,-3.452674,-0.4450664,0.4884513,1.308485,0.2662237,-0.01583134,0.04939315,0.08262961,-0.8918852,0.7600775,-0.1976433,0.6648532,1.405595,0.1910293,0.1972527,1.13047,0.1573343,275.562,122.4032,114.1307,False
1,1.877781,0.1577274,-0.3083441,-0.1139489,-1.401049,-4.400353,-2.760739,0.414169,1.111619,0.3271022,-1.68106,-0.02055437,-0.006214194,0.04377998,-0.05349305,-0.8264306,-3.45102,-0.445876,0.4878181,1.308398,0.2659638,-0.02532448,0.05264754,0.08808145,-0.8907869,0.7611194,-0.1977932,0.6637474,1.405498,0.1910031,0.197194,1.129356,0.1561911,275.5888,124.9548,111.3285,False
1,1.888893,0.1608898,-0.2816141,-0.1002862,-1.399524,-4.398455,-2.762982,0.4137227,1.111401,0.3266604,-1.681224,-0.01489673,-0.01008018,0.07868606,-0.0190959,-0.8265413,-3.447842,-0.4477722,0.4871953,1.308206,0.265605,-0.0274418,0.04946649,0.08919223,-0.8898228,0.7619627,-0.1981914,0.6630516,1.405268,0.1909382,0.1972759,1.128203,0.1548982,275.6488,127.4884,108.463,False
1,1.900004,0.1576325,-0.2399345,-0.08031859,-1.39874,-4.397397,-2.764771,0.413326,1.111175,0.3265631,-1.681192,0.002976005,-0.01943067,0.1169662,-0.005932525,-0.827328,-3.444543,-0.4494622,0.4865587,1.308066,0.2652338,-0.03078248,0.05582477,0.07642902,-0.8895459,0.7630963,-0.1984409,0.6624342,1.405247,0.1909127,0.1973726,1.127075,0.1535243,275.7205,130.0087,105.5873,False
1,1.911115,0.1469328,-0.2046968,-0.06348899,-1.398067,-4.39637,-2.766259,0.4128897,1.110945,0.3262651,-1.68114,0.00467469,-0.02796416,0.1501371,-0.0205133,-0.8291597,-3.44157,-0.4507912,0.4859717,1.307877,0.2649894,-0.03394996,0.06115822,0.07646041,-0.888724,0.7643056,-0.1987445,0.6617791,1.405427,0.1909654,0.1973961,1.126029,0.1522049,275.7816,132.2938,102.9391,False
1,1.922226,0.1340899,-0.1566038,-0.03608386,-1.3985,-4.396115,-2.767331,0.4126941,1.110672,0.3262231,-1.680775,0.0333706,-0.02578786,0.1511519,-0.01519723,-0.8298708,-3.439544,-0.4519509,0.4854217,1.307722,0.2647572,-0.02957664,0.06010856,0.08386414,-0.8876747,0.7655662,-0.1995413,0.6614485,1.405126,0.190768,0.1973485,1.12506,0.1510617,275.8318,133.9685,100.9652,False
1,1.933337,0.127673,-0.1180628,-0.004367627,-1.399269,-4.395572,-2.768631,0.4123951,1.110314,0.3260558,-1.680425,0.03167192,-0.03328913,0.1373205,-0.01417988,-0.8303869,-3.43832,-0.4520993,0.4849856,1.307462,0.2646391,-0.02210411,0.04726613,0.08809941,-0.8861088,0.7654019,-0.1997778,0.6606675,1.404962,0.1907701,0.1972118,1.124177,0.1502285,275.8548,135.3322,99.35937,False
1,1.944448,0.1233536,-0.07532158,0.01666348,-1.400207,-4.395761,-2.769829,0.4121224,1.109962,0.325938,-1.680133,0.02642515,-0.03540497,0.1341066,-0.01099225,-0.830999,-3.43666,-0.4527528,0.4845086,1.307299,0.2645125,-0.00827238,0.0514579,0.08470255,-0.8854105,0.7667909,-0.201106,0.6601815,1.404929,0.1906669,0.196956,1.123409,0.1497298,275.8355,136.5132,98.05528,False
1,1.955559,0.1190634,-0.05392859,0.03037648,-1.400931,-4.395667,-2.770934,0.4117999,1.109669,0.3258681,-1.680335,-0.01859547,-0.02366814,0.1287002,-0.005803227,-0.8314756,-3.434968,-0.4539568,0.4840912,1.307166,0.2645142,0.003394835,0.05027753,0.07925131,-0.8842723,0.7671286,-0.2021616,0.6596493,1.404862,0.1907046,0.1966644,1.122766,0.1496177,275.7525,137.4016,97.15117,False
1,1.966671,0.1179595,-0.02399779,0.04615957,-1.402122,-4.395941,-2.772161,0.411649,1.109343,0.3257744,-1.680429,-0.008360812,-0.01854885,0.0914829,-0.0157277,-0.8318986,-3.43536,-0.4536274,0.4836718,1.307018,0.2645056,0.008477677,0.0374087,0.06646194,-0.8836927,0.76709,-0.2023499,0.6591467,1.404913,0.1908758,0.1962931,1.122262,0.1497891,275.6384,137.582,97.0809,False
1,1.977782,0.112597,-0.009094702,0.04500441,-1.402673,-4.396236,-2.773248,0.4113449,1.109118,0.3257067,-1.680333,0.008848316,-0.01244226,0.04898641,-0.03316058,-0.8323705,-3.436893,-0.4526519,0.4832993,1.306831,0.2645149,0.00488865,0.02451649,0.04101828,-0.883557,0.766424,-0.2022154,0.6587654,1.404949,0.190958,0.1958391,1.121869,0.1501515,275.5331,137.3641,97.47092,False
1,1.988893,0.1126025,-0.009081691,0.04713301,-1.403133,-4.395888,-2.774581,0.4111202,1.108846,0.3255637,-1.680538,-0.01879163,-0.00730326,0.03205447,-0.04930966,-0.8331997,-3.437503,-0.4523294,0.4828713,1.306643,0.2643962,0.004865047,0.02553652,0.03891132,-0.8827218,0.7664403,-0.2023054,0.6583149,1.405168,0.1908374,0.1953443,1.121547,0.1506118,275.4276,137.068,97.96339,False
1,2.000004,0.1030517,-0.02186831,0.05043067,-1.403455,-4.395015,-2.775536,0.4109906,1.108607,0.3254702,-1.680451,0.008133003,0.00101183,0.03436705,-0.07599229,-0.8350054,-3.43799,-0.4522985,0.4824075,1.306499,0.2644105,0.006087255,0.0245101,0.05061774,-0.8818419,0.7669963,-0.2027797,0.6578381,1.405218,0.1908507,0.1948768,1.121251,0.1510972,275.3177,136.7345,98.49898,False
1,2.011115,0.0934964,-0.03361094,0.05053043,-1.403696,-4.394079,-2.77646,0.4107133,1.108393,0.3253746,-1.680597,-0.01343979,0.01056513,0.04398666,-0.08452226,-0.8364899,-3.437753,-0.452915,0.4819045,1.306411,0.2644756,0.008348741,0.01815451,0.06126825,-0.8808267,0.7674162,-0.2034178,0.6575651,1.405256,0.1904793,0.1944105,1.12096,0.1515055,275.2385,136.5058,98.91445,False
1,2.022226,0.08714844,-0.04744697,0.05489751,-1.404057,-4.392835,-2.777406,0.4105455,1.108161,0.3254056,-1.680178,0.03855103,0.01700965,0.04711717,-0.07922356,-0.8373692,-3.437453,-0.4534674,0.4814692,1.306378,0.2645447,0.00959884,0.01075263,0.07725997,-0.8794194,0.7676077,-0.2036826,0.6571286,1.405382,0.1904857,0.194061,1.120609,0.1517733,275.1594,136.3408,99.24298,False
1,2.033337,0.08825213,-0.0558948,0.06453295,-1.404678,-4.391778,-2.778583,0.4104107,1.10792,0.3253727,-1.680137,0.003379156,0.01601474,0.05132767,-0.07278848,-0.8381681,-3.436995,-0.4539779,0.4811837,1.306375,0.2645671,0.01933332,0.01395798,0.08669968,-0.8782956,0.7686929,-0.2049185,0.6567177,1.405504,0.1905751,0.1938698,1.120185,0.1518256,275.0869,136.5745,99.09841,False
1,2.044448,0.09576417,-0.06751656,0.07631204,-1.40544,-4.39027,-2.780126,0.410257,1.107718,0.3254271,-1.680171,-0.003114649,0.03421234,0.0618678,-0.06645967,-0.8391317,-3.43602,-0.4556645,0.4807978,1.30642,0.2646337,0.02908133,0.03415501,0.0897109,-0.8770705,0.7704213,-0.2069694,0.6562209,1.405465,0.1905758,0.1937844,1.119719,0.151625,275.041,137.1347,98.50872,False
1,2.055559,0.102193,-0.07919083,0.08063579,-1.40594,-4.388696,-2.781721,0.4101851,1.107539,0.3254516,-1.680491,-0.02909749,0.03952944,0.06079036,-0.06650816,-0.8400478,-3.43558,-0.4564954,0.48053,1.306449,0.2646642,0.02881733,0.01598722,0.07699561,-0.8765811,0.7698179,-0.2068903,0.6561254,1.405471,0.1905203,0.1938502,1.119214,0.1512393,275.0031,137.9025,97.60964,False
1,2.06667,0.111825,-0.08977103,0.08813772,-1.406553,-4.38698,-2.783571,0.410135,1.107365,0.3253388,-1.680842,-0.03189063,0.03839819,0.04696118,-0.06874061,-0.8408191,-3.436085,-0.4565188,0.4802694,1.30639,0.264693,0.02098251,-0.005357282,0.05801836,-0.8762471,0.7687969,-0.20611,0.6558256,1.405495,0.1905985,0.1940234,1.118697,0.1507313,274.9647,138.6849,96.6405,False
1,2.077781,0.1160868,-0.08762043,0.09025282,-1.407331,-4.385684,-2.785206,0.4100603,1.107035,0.325455,-1.680908,-0.005758484,0.03300408,0.03742846,-0.07303418,-0.841683,-3.436537,-0.4563947,0.4801579,1.306258,0.2647338,0.01832762,-0.0257216,0.0272421,-0.8766428,0.7670571,-0.2051587,0.6555728,1.405553,0.1906235,0.1942828,1.118169,0.1501742,274.9249,139.436,95.6805,False
1,2.088892,0.1139136,-0.07595006,0.08378605,-1.407782,-4.385049,-2.786478,0.4101071,1.106728,0.3254588,-1.68111,-0.01844723,0.03621233,0.05343874,-0.07825973,-0.8431461,-3.435778,-0.4574049,0.4799293,1.306071,0.2648129,0.01932784,-0.02255437,0.02189042,-0.8764825,0.7668989,-0.2052061,0.6552193,1.405649,0.1905665,0.1945965,1.117631,0.149611,274.8892,140.2052,94.73032,False
1,2.100003,0.1042735,-0.05897287,0.07730623,-1.408395,-4.384703,-2.787396,0.4101794,1.106454,0.325552,-1.680945,0.01515594,0.0328747,0.0503822,-0.09423776,-0.8447952,-3.436107,-0.4574158,0.4796316,1.305786,0.2648842,0.02905321,-0.02256861,0.03135767,-0.8755568,0.7668214,-0.2058714,0.6547561,1.405586,0.190604,0.1948417,1.117315,0.1492955,275.2897,140.1646,94.86458,False
1,2.111114,0.09786281,-0.05690027,0.07091363,-1.408714,-4.38395,-2.788392,0.4101912,1.106107,0.3255937,-1.680641,0.02770657,0.02751534,0.04829513,-0.09740727,-0.8460575,-3.436277,-0.4574179,0.47939,1.305592,0.2649856,0.03661285,-0.01833348,0.03763714,-0.8747781,0.7666912,-0.2063593,0.6543963,1.405677,0.1907871,0.1950056,1.117131,0.1492782,275.3944,138.6831,96.40068,False
1,2.122225,0.09572506,-0.05692166,0.06772031,-1.409113,-4.383177,-2.789518,0.4102916,1.105869,0.3256638,-1.680305,0.03044974,0.04030513,0.03649307,-0.09228028,-0.8468122,-3.436731,-0.4580661,0.4792193,1.305481,0.2651465,0.05810922,-0.01307447,0.04904555,-0.8737778,0.76693,-0.2079575,0.6540802,1.405639,0.1908092,0.1950943,1.116974,0.149452,275.3203,136.8951,98.20991,False
1,2.133336,0.0999868,-0.05476725,0.06982392,-1.409685,-4.382369,-2.790927,0.4103044,1.105465,0.3256068,-1.680318,-0.001392007,0.04550154,0.01949949,-0.1020547,-0.8480581,-3.438219,-0.4578243,0.4790287,1.305318,0.2652407,0.06238517,-0.01839941,0.05219891,-0.8731184,0.7667809,-0.2085974,0.6539024,1.405582,0.190537,0.1951555,1.116904,0.1496871,275.1944,134.7368,100.3824,False
1,2.144447,0.108493,-0.04514513,0.07186536,-1.410334,-4.381928,-2.792545,0.4103223,1.105163,0.3255625,-1.68049,-0.01564241,0.04627018,-0.009071767,-0.1267909,-0.8495889,-3.440858,-0.4566086,0.4788348,1.305101,0.2654335,0.0697654,-0.02057051,0.0467735,-0.8728537,0.7667698,-0.2097514,0.6536092,1.405501,0.1905024,0.1952344,1.116843,0.1498536,275.1309,132.6168,102.5179,False
1,2.155558,0.1138037,-0.03660747,0.07286619,-1.411107,-4.381449,-2.794089,0.4103637,1.104822,0.325619,-1.680804,-0.02857232,0.05560718,-0.0291647,-0.1504706,-0.8514174,-3.443592,-0.4558168,0.4785706,1.304923,0.2656124,0.06760664,-0.02270179,0.04575046,-0.8722327,0.7663748,-0.2101202,0.6533199,1.405517,0.1905038,0.1953572,1.116777,0.1499354,275.1584,130.8271,104.3569,False
1,2.166669,0.1169418,-0.008875532,0.07692969,-1.412227,-4.381917,-2.795443,0.4104414,1.104401,0.3254836,-1.68109,-0.02593308,0.06616433,-0.02696905,-0.1633225,-0.853304,-3.445176,-0.4558597,0.4782955,1.30473,0.2657588,0.06226297,-0.02268461,0.04476422,-0.871651,0.7661194,-0.2104414,0.6529785,1.405454,0.1904304,0.1955088,1.116681,0.1499474,275.2543,129.3047,105.9425,False
1,2.17778,0.1147341,0.02093084,0.07460534,-1.413355,-4.382867,-2.796507,0.4105551,1.104031,0.3255692,-1.681,0.008399728,0.06504145,-0.03118415,-0.1686737,-0.8549312,-3.446961,-0.4553659,0.4780048,1.304551,0.2658741,0.05906454,-0.02054562,0.04373996,-0.8711141,0.7659578,-0.2109088,0.6525292,1.405492,0.1904387,0.1956016,1.116595,0.1501131,275.2174,127.0498,108.2323,False
1,2.188891,0.112476,0.08386021,0.08697212,-1.415641,-4.385313,-2.797325,0.410677,1.103526,0.3256595,-1.680907,0.008371305,0.06201801,-0.008877568,-0.1578273,-0.8565722,-3.446744,-0.4561928,0.4778513,1.304391,0.2659628,0.05603888,-0.01835904,0.05549553,-0.8700404,0.7660071,-0.2114132,0.6520749,1.405666,0.1906226,0.1956314,1.116456,0.150247,275.1179,124.675,110.6457,False
1,2.200002,0.1113377,0.1190376,0.08994376,-1.417596,-4.387239,-2.798336,0.4106818,1.103182,0.3258519,-1.680658,0.02262638,0.05380999,0.01970226,-0.1309005,-0.8576061,-3.445668,-0.4572208,0.4775575,1.304252,0.266006,0.05618637,-0.01088122,0.06398454,-0.8691103,0.7662489,-0.2120934,0.6517608,1.4057,0.1906166,0.1957336,1.116338,0.1503194,275.1631,123.0259,112.3142,False
1,2.211113,0.1102398,0.1339629,0.09197763,-1.419287,-4.388741,-2.799302,0.4107045,1.102839,0.3260374,-1.680612,0.004027014,0.04557141,0.03763227,-0.1040556,-0.8582862,-3.444643,-0.4581995,0.477318,1.30404,0.2657306,0.05838502,-0.008725271,0.06820506,-0.8683364,0.7668105,-0.2131512,0.6514421,1.405541,0.1903942,0.1958247,1.116245,0.1504211,275.2252,121.5005,113.7805,False
1,2.222224,0.1198171,0.1403956,0.09404144,-1.420893,-4.390059,-2.800807,0.4107659,1.102558,0.3262572,-1.680719,-0.0098102,0.03735107,0.04485026,-0.06983884,-0.8582617,-3.443489,-0.4591375,0.477029,1.303936,0.265744,0.05725292,-0.0151223,0.06611589,-0.8675668,0.766452,-0.213443,0.6510446,1.405448,0.1904163,0.1958335,1.116181,0.1506228,275.1786,119.5658,115.5938,False
1,2.233335,0.1230371,0.1297354,0.09196604,-1.421995,-4.390731,-2.802215,0.4107166,1.10222,0.3261833,-1.680621,0.00906364,0.02999701,0.04477435,-0.05699597,-0.858601,-3.442987,-0.4595223,0.4767687,1.303808,0.2658091,0.05932201,-0.01620194,0.06182753,-0.8670762,0.7665375,-0.2142577,0.650713,1.405368,0.1903567,0.195786,1.116139,0.1508793,275.0593,117.353,117.6635,False
1,2.244446,0.1283867,0.09979527,0.0729749,-1.422145,-4.390818,-2.803684,0.410549,1.102106,0.3263807,-1.681104,-0.0442471,0.02782825,0.04161248,-0.06020452,-0.8595566,-3.443106,-0.4596533,0.4764761,1.303563,0.265934,0.05804855,-0.01838705,0.0480104,-0.8668594,0.7660865,-0.2144953,0.650341,1.405449,0.1905117,0.1957439,1.116101,0.1511367,274.9436,114.9531,119.9425,False
1,2.255557,0.1283921,0.0783712,0.0550015,-1.422162,-4.391033,-2.804965,0.4103991,1.101965,0.3265479,-1.680934,0.01596104,0.04158507,0.02883124,-0.06573386,-0.8603256,-3.443539,-0.4603095,0.4761187,1.303341,0.266124,0.05592538,-0.01625674,0.04802965,-0.8662965,0.7659079,-0.2148854,0.6499609,1.405381,0.1905551,0.1957337,1.116048,0.1513643,274.8643,112.4316,122.388,False
1,2.266668,0.1305524,0.04090074,0.02648222,-1.421196,-4.390472,-2.806551,0.4101988,1.101879,0.3267226,-1.680846,0.007821688,0.04677493,0.008643743,-0.0744568,-0.8610293,-3.444812,-0.4601753,0.4758424,1.30317,0.2662172,0.06023642,-0.01414289,0.0511625,-0.8655284,0.7658619,-0.215601,0.649547,1.405431,0.1906862,0.1957529,1.115972,0.1514926,274.8495,110.5993,124.1796,False
1,2.277779,0.1252409,0.0001490968,-0.01158505,-1.419451,-4.38962,-2.80785,0.4098585,1.101821,0.3269243,-1.680652,0.01765054,0.05206455,0.004389968,-0.07773069,-0.8618884,-3.445467,-0.4605495,0.4754773,1.302962,0.2663586,0.06247154,-0.001365751,0.0542847,-0.8648626,0.766525,-0.2167624,0.6491085,1.405444,0.1907082,0.19579,1.115894,0.1515508,274.9034,109.8081,124.8922,False
1,2.28889,0.1146265,-0.03947722,-0.0390004,-1.417624,-4.388427,-2.808964,0.4095722,1.101634,0.3270123,-1.680812,-0.01475423,0.05738343,0.002241313,-0.07779051,-0.8626506,-3.446001,-0.4610289,0.4751473,1.302747,0.2664659,0.0615629,-0.0002357606,0.06493942,-0.8639715,0.7672113,-0.2178993,0.6487253,1.405349,0.1905818,0.1958306,1.115817,0.1515918,274.9752,109.3304,125.2768,False
1,2.300001,0.09761384,-0.0726708,-0.05898984,-1.415789,-4.387213,-2.809595,0.4092734,1.101601,0.3272874,-1.680499,0.02878281,0.05006168,0.02136382,-0.06905456,-0.8633771,-3.445366,-0.4617476,0.4748391,1.302637,0.2665753,0.0637956,-0.002346708,0.07344347,-0.8628216,0.7673576,-0.2186873,0.6483191,1.405333,0.1906185,0.195884,1.115726,0.1516232,275.0668,108.9031,125.6084,False
1,2.311112,0.08911903,-0.0876424,-0.06420495,-1.414454,-4.386174,-2.810505,0.4090102,1.101403,0.3273749,-1.680243,0.02308814,0.04289905,0.04675264,-0.04322689,-0.8636717,-3.443507,-0.4631826,0.4745671,1.302505,0.2666879,0.06695919,-0.003426734,0.07232935,-0.86224,0.7675397,-0.2194573,0.6479855,1.405349,0.1906087,0.1959442,1.115617,0.1516349,275.1756,108.5959,125.8152,False
1,2.322223,0.07529043,-0.09620213,-0.06517889,-1.413399,-4.38517,-2.811036,0.408764,1.101275,0.3277299,-1.679789,0.04139227,0.04091706,0.04233538,-0.02300308,-0.8634043,-3.443048,-0.4638976,0.4744258,1.302316,0.2667882,0.07540341,0.001829028,0.06473445,-0.8618106,0.7679563,-0.2208618,0.6476064,1.405288,0.1906717,0.1960316,1.115498,0.1516287,275.3129,108.3622,125.9696,False
1,2.333334,0.06569692,-0.09301373,-0.06412562,-1.412394,-4.384744,-2.811565,0.4086194,1.101117,0.3279083,-1.680129,-0.03134348,0.03342501,0.01353395,-0.01463985,-0.8628759,-3.443833,-0.4634396,0.4742457,1.302135,0.2669086,0.07406298,-0.003556393,0.04666092,-0.861842,0.7677107,-0.2215188,0.6472761,1.40514,0.1907492,0.1961011,1.115404,0.1516232,275.4291,108.2977,125.9567,False
1,2.344445,0.05391997,-0.06961738,-0.06532657,-1.411567,-4.38497,-2.811789,0.4084451,1.100981,0.3280866,-1.679884,0.02281976,0.03659967,0.009272696,-0.01576316,-0.8630692,-3.443926,-0.4639221,0.4740174,1.301974,0.2669868,0.07396786,-0.007837433,0.04135124,-0.8615167,0.7674904,-0.2221883,0.6469345,1.405075,0.1907775,0.1961351,1.115319,0.1515959,275.5424,107.5553,126.5629,False
1,2.355556,0.04640856,-0.04724774,-0.06332891,-1.411056,-4.385438,-2.811943,0.4083262,1.100917,0.3283863,-1.680025,-0.01310998,0.04395556,0.009350033,-0.02860901,-0.863865,-3.444194,-0.4645038,0.4738123,1.301838,0.2671435,0.07392708,-0.01211733,0.04030296,-0.8609536,0.7670106,-0.2226296,0.6466277,1.405175,0.1909235,0.1961821,1.115249,0.151637,275.6232,107.1811,126.8454,False
1,2.366668,0.04096337,-0.003623022,-0.06894217,-1.410494,-4.387182,-2.811995,0.408171,1.100775,0.3285451,-1.679931,0.008805462,0.05131966,0.004077263,-0.03829644,-0.8644423,-3.444694,-0.4650335,0.473597,1.301757,0.2672639,0.07609738,-0.004656173,0.04024452,-0.860608,0.7676747,-0.2240137,0.6463453,1.405085,0.1909466,0.1962103,1.115189,0.1517016,275.6718,106.6059,127.3359,False
1,2.377779,0.03553693,0.03576533,-0.07131752,-1.410312,-4.389076,-2.81197,0.4079297,1.10072,0.3288803,-1.679974,-0.003948838,0.04388402,0.000872869,-0.03400499,-0.8646581,-3.444971,-0.4650428,0.4732619,1.301634,0.2674286,0.07284243,-0.007859472,0.03710408,-0.8602367,0.7673161,-0.2245079,0.6459775,1.405093,0.1910303,0.1961994,1.115147,0.1517874,275.6818,106.0336,127.793,False
1,2.38889,0.02907113,0.06451265,-0.07040308,-1.410435,-4.390637,-2.811795,0.4078224,1.10073,0.3294435,-1.680164,-0.01730268,0.03750541,-0.01301168,-0.02660586,-0.8643993,-3.445709,-0.4647703,0.4730278,1.301579,0.2675719,0.06958182,-0.005727265,0.0307433,-0.8602133,0.7674937,-0.2254994,0.6457338,1.404993,0.1911106,0.1961442,1.115124,0.151908,275.6466,105.3672,128.306,False
1,2.400001,0.01515179,0.09431688,-0.06950813,-1.410364,-4.39284,-2.811223,0.4077285,1.100771,0.3298492,-1.680201,-0.003162859,0.0376199,-0.00457453,-0.0158832,-0.864346,-3.445307,-0.4654785,0.4728012,1.301476,0.2676539,0.06315389,-0.002518002,0.02761967,-0.8600753,0.767526,-0.2259165,0.6454632,1.405034,0.1912274,0.19603,1.115105,0.1520626,275.5591,104.5394,128.9209,False
1,2.411112,0.00125719,0.1135099,-0.06211239,-1.411052,-4.394605,-2.810318,0.4076744,1.100646,0.3303006,-1.680064,0.01257145,0.03121737,-0.0002664998,-0.01899366,-0.8646964,-3.445318,-0.4655863,0.4725687,1.301384,0.2677691,0.05665647,0.0006829724,0.0191636,-0.860306,0.7677087,-0.2264273,0.645206,1.405005,0.1911922,0.1958732,1.115107,0.1522883,275.4269,103.3174,129.875,False
1,2.422223,-0.02117256,0.1454591,-0.05481855,-1.411589,-4.397278,-2.808965,0.4076039,1.100655,0.3307972,-1.679832,0.02120648,0.02076831,0.002772503,0.005627943,-0.8637825,-3.444537,-0.4658971,0.4723936,1.301272,0.2678525,0.05455782,0.007085312,0.01916878,-0.8601723,0.7681449,-0.2272571,0.6449223,1.40497,0.1913128,0.1957361,1.115174,0.1526152,275.2938,101.5365,131.3839,False
1,2.433334,-0.03719519,0.1646273,-0.05168608,-1.412377,-4.399718,-2.807684,0.407527,1.10066,0.3312552,-1.679511,0.02918443,0.01046646,0.03025511,0.03789441,-0.8629792,-3.442101,-0.4672463,0.4722181,1.301167,0.2679932,0.05356894,0.01881241,0.02019733,-0.8601302,0.768949,-0.2284087,0.6447389,1.404958,0.1915245,0.1955558,1.115226,0.1529201,275.116,99.34724,133.3268,False
