loc,t,aDotUA,bDotUA,gDotUA,aUA,bUA,gUA,xUA,yUA,zUA,aDotE,bDotE,gDotE,aE,bE,gE,xE,yE,zE,aDotSH,bDotSH,gDotSH,aSH,bSH,gSH,xSH,ySH,zSH,aDotUB,bDotUB,gDotUB,aUB,bUB,gUB,xUB,yUB,zUB,xHand,yHand,zHand,aHand,bHand,gHand
1,0,0.2263152,-0.9276608,-0.1699157,-1.469939,-4.246617,2.972358,0.7409805,1.179432,0.4450884,-0.2821766,0.4172668,-0.867819,-1.5595,-4.14462,1.171524,0.6436449,1.020759,0.4026802,-0.5107182,0.372719,-0.4437706,-0.7628023,1.514007,0.3405054,0.7463037,1.391812,0.3669591,-0.2414737,0.405246,-0.09357502,-0.9527182,0.02503305,0.1698769,0.830148,1.452402,0.175468,0.5130157,0.9657202,0.2907932,307.955,214.7088,35.46418
1,0.01111111,0.2005633,-0.8488786,-0.134562,-1.470453,-4.241736,2.976154,0.7386434,1.179158,0.444298,-0.2963218,0.3550341,-0.7502413,-1.560287,-4.1377,1.169362,0.6413059,1.019904,0.400449,-0.4966258,0.378894,-0.4118835,-0.7646686,1.5215,0.3401962,0.7450676,1.391693,0.3664896,-0.253122,0.4222766,-0.09349512,-0.9526526,0.03072196,0.1695014,0.8298682,1.452446,0.175508,0.5113354,0.9652482,0.2893402,307.7658,215.0443,35.09706
1,0.02222222,0.1488132,-0.6975997,-0.1086947,-1.470801,-4.237953,2.979622,0.7366245,1.178868,0.4433606,-0.302299,0.2979394,-0.6393151,-1.560285,-4.135098,1.16925,0.6392908,1.019675,0.3989875,-0.4577213,0.3901163,-0.339659,-0.7643847,1.528444,0.3389762,0.7437183,1.391576,0.3659537,-0.2605013,0.4468026,-0.09454725,-0.9527683,0.03789984,0.1683909,0.8296046,1.452557,0.1755702,0.5096486,0.9649466,0.2877033,307.6275,215.2155,34.86096
1,0.03333334,0.117847,-0.5904422,-0.08487204,-1.471015,-4.233259,2.983016,0.7343737,1.178627,0.4425318,-0.306464,0.2709045,-0.5742266,-1.56051,-4.131815,1.168475,0.6371366,1.019165,0.3974006,-0.4187577,0.3788816,-0.2494415,-0.7628375,1.533468,0.338581,0.742411,1.391589,0.3653419,-0.2700455,0.4531714,-0.09338674,-0.9525621,0.04331498,0.1681605,0.8292741,1.452652,0.1755974,0.5080788,0.9645637,0.2861574,307.497,215.2605,34.71893
1,0.04444445,0.1062703,-0.5335125,-0.07599043,-1.471528,-4.230537,2.986052,0.7325019,1.178414,0.4415567,-0.3001734,0.2248393,-0.4896303,-1.560647,-4.12782,1.167295,0.6351039,1.018812,0.3960154,-0.3905049,0.3613218,-0.1645118,-0.7610286,1.537856,0.3388417,0.7411361,1.391623,0.3647695,-0.2721225,0.4563597,-0.09228492,-0.9524545,0.04931508,0.1672928,0.8289109,1.452742,0.1756001,0.506449,0.9643443,0.2847578,307.3898,215.0405,34.77773
1,0.05555556,0.1063227,-0.4474932,-0.05826394,-1.471694,-4.228266,2.989009,0.7306374,1.178249,0.4406977,-0.2922735,0.1953712,-0.4101745,-1.560997,-4.125582,1.165814,0.6332189,1.01835,0.3944657,-0.3773373,0.340728,-0.1018463,-0.7591564,1.541845,0.339695,0.7398989,1.391619,0.3641486,-0.280655,0.4521186,-0.09009374,-0.9526522,0.05528589,0.1673253,0.8287865,1.452955,0.1755219,0.5048118,0.9642213,0.283389,307.4378,214.5097,35.15233
1,0.06666667,0.1062766,-0.3911565,-0.05047169,-1.471947,-4.225581,2.991848,0.7286572,1.17799,0.4398026,-0.2858645,0.1710541,-0.3581737,-1.561152,-4.123152,1.164373,0.6313041,1.01803,0.3931267,-0.3676585,0.3203514,-0.07964186,-0.7585247,1.546304,0.340389,0.7385382,1.391545,0.363622,-0.2817267,0.4436041,-0.08794397,-0.9528124,0.06119958,0.1670585,0.8284869,1.453039,0.1754258,0.5031719,0.9642639,0.2823138,307.6019,213.8006,35.77713
1,0.07777778,0.08276602,-0.3044845,-0.03399657,-1.472195,-4.224862,2.99385,0.7270613,1.177874,0.438864,-0.2569547,0.1354635,-0.2855355,-1.561466,-4.122461,1.164132,0.6296148,1.017778,0.3919523,-0.3560318,0.2851357,-0.07563975,-0.7584976,1.549411,0.3417752,0.7371974,1.391426,0.3629234,-0.282807,0.4319517,-0.08476938,-0.9533541,0.06779436,0.1666572,0.8286637,1.453239,0.1752625,0.5016913,0.9644154,0.2810418,307.8126,213.0723,36.47373
1,0.08888889,0.05111544,-0.2791138,-0.0270123,-1.47235,-4.222013,2.995288,0.7252922,1.17755,0.4379244,-0.2269231,0.1234348,-0.2686924,-1.561686,-4.119956,1.164412,0.6278099,1.017671,0.3907518,-0.3454987,0.263831,-0.0822166,-0.7589311,1.553302,0.3425267,0.7357128,1.391305,0.3622324,-0.2806843,0.4277344,-0.0827035,-0.9539326,0.07448582,0.1661442,0.828338,1.45308,0.1750917,0.5002224,0.964552,0.2797687,307.9119,212.5961,36.92182
1,0.1,-0.005333494,-0.2533304,-0.03311003,-1.472625,-4.219766,2.995616,0.7237507,1.177383,0.4370756,-0.1783664,0.1070165,-0.250363,-1.561168,-4.117757,1.166156,0.6263825,1.01768,0.389636,-0.33078,0.2489609,-0.1015695,-0.7598366,1.557318,0.3428761,0.7342482,1.391152,0.3616138,-0.2785467,0.4298576,-0.08272222,-0.9540444,0.08060496,0.1656566,0.8279961,1.453124,0.1749551,0.4989587,0.9649143,0.2786538,307.8248,212.3753,37.12663
1,0.1111111,-0.05477709,-0.2333701,-0.01783393,-1.472775,-4.217017,2.995243,0.7224008,1.17719,0.4362504,-0.1234057,0.09387216,-0.2397896,-1.56154,-4.115599,1.168158,0.6250271,1.017769,0.3885972,-0.341425,0.2489921,-0.1004274,-0.7599176,1.561679,0.343911,0.7327701,1.390969,0.3609366,-0.2763564,0.4352316,-0.07636748,-0.9538457,0.08760601,0.16481,0.8271759,1.453002,0.1748512,0.4976429,0.9651068,0.2773587,307.6713,212.2838,37.14665
1,0.1222222,-0.0830602,-0.2087195,-0.009659693,-1.47306,-4.214725,2.99515,0.7210344,1.177126,0.4354627,-0.09204219,0.0815635,-0.229542,-1.561762,-4.113995,1.16994,0.6237485,1.01784,0.3875268,-0.3669727,0.2544115,-0.1002242,-0.7599618,1.566486,0.3454554,0.7312393,1.390814,0.3602414,-0.274168,0.4373695,-0.06999455,-0.9535981,0.09377469,0.1641663,0.8266848,1.453047,0.1747425,0.4965841,0.9655409,0.2763958,307.4331,212.4844,36.91992
1,0.1333333,-0.08774922,-0.1759035,0.001587585,-1.473654,-4.214914,2.995456,0.7202801,1.177308,0.4346559,-0.07324135,0.04678139,-0.170653,-1.56225,-4.113017,1.171067,0.6227362,1.017796,0.3862841,-0.3886701,0.2750419,-0.1638803,-0.7623932,-4.709645,0.3454874,0.7297423,1.390848,0.3594496,-0.2731178,0.4363057,-0.0710602,-0.9535443,0.09991741,0.1636845,0.8259913,1.452992,0.1745625,0.4955722,0.9658373,0.2750958,307.2388,212.7401,36.6152
1,0.1444445,-0.07794618,-0.1294365,0.01760982,-1.474349,-4.214534,2.996077,0.7192252,1.177272,0.4337237,-0.06889133,0.02329941,-0.1408754,-1.562881,-4.113221,1.171576,0.6217093,1.017815,0.3851681,-0.3772235,0.3082874,-0.2159916,-0.7647746,-4.701332,0.3433507,0.7283264,1.390895,0.3588803,-0.2752826,0.4224708,-0.07102394,-0.9536641,0.1053344,0.1636049,0.8254726,1.453092,0.1743674,0.4945463,0.9661226,0.2742463,307.0733,212.9215,36.40636
1,0.1555556,-0.06277418,-0.08132698,0.03253207,-1.474911,-4.215053,2.996416,0.7182934,1.177329,0.4329069,-0.05858706,0.0008829087,-0.09612897,-1.563623,-4.114071,1.171918,0.620871,1.017898,0.3842266,-0.2873422,0.3899271,-0.2002513,-0.7642026,-4.690606,0.3357199,0.7269644,1.390998,0.3580194,-0.267908,0.4011427,-0.07104947,-0.9538676,0.1101246,0.1637189,0.8248122,1.453006,0.1739631,0.4936274,0.9665733,0.2736049,306.9946,213.1108,36.25834
1,0.1666667,-0.04299565,-0.05922609,0.04996531,-1.475261,-4.215141,2.996327,0.7173897,1.177516,0.4320354,-0.04582363,-0.009063281,-0.07125631,-1.564708,-4.114244,1.171953,0.6199949,1.01796,0.3833933,-0.2325106,0.4086084,-0.1398286,-0.7619458,-4.684099,0.3318149,0.7256054,1.390966,0.3571596,-0.2615757,0.3830125,-0.07107232,-0.9541025,0.1147661,0.1637239,0.8242078,1.453143,0.1736403,0.4927565,0.9668583,0.2725549,306.9345,213.3539,36.17505
1,0.1777778,-0.03813026,-0.04792225,0.0565094,-1.475653,-4.215397,2.996445,0.7165129,1.177519,0.4312308,-0.0369272,-0.01644301,-0.050411,-1.565538,-4.114201,1.172293,0.6191713,1.018014,0.3824341,-0.1710545,0.3811945,-0.02535133,-0.7573684,-4.681257,0.3294501,0.7243395,1.390949,0.3562033,-0.252022,0.3638121,-0.06684807,-0.9541312,0.1189544,0.1637719,0.8235731,1.453125,0.1731536,0.4919273,0.9674875,0.271947,306.7565,213.7388,35.97949
1,0.1888889,-0.04651156,-0.03156895,0.07570349,-1.476425,-4.216075,2.997324,0.7159107,1.177553,0.4304957,-0.04562654,-0.03381043,-0.02563721,-1.566779,-4.114652,1.173347,0.6184049,1.018078,0.3812695,-0.1256478,0.3357494,0.08702383,-0.7522844,-4.680278,0.3287294,0.7229623,1.390909,0.3552444,-0.2423769,0.3649623,-0.06052478,-0.953882,0.1257598,0.1623082,0.8236225,1.453639,0.1725404,0.4911095,0.968304,0.2713805,306.4071,214.1862,35.70288
1,0.2,-0.06716539,-0.02544386,0.07808745,-1.477134,-4.217334,2.998814,0.7152268,1.17757,0.4297817,-0.06873447,-0.04588742,-0.00174295,-1.567605,-4.114587,1.174908,0.61762,1.018194,0.3803427,-0.1041968,0.3046076,0.1218701,-0.7490695,-4.678317,0.3276777,0.7216711,1.390877,0.3543577,-0.2390491,0.3703033,-0.04457714,-0.9531161,0.1309837,0.1618097,0.8230205,1.453726,0.1721177,0.4901893,0.9692825,0.2708127,306.0369,214.6045,35.49691
1,0.2111111,-0.06560167,-0.00486062,0.07719021,-1.477682,-4.217432,2.999091,0.7144107,1.177575,0.4289775,-0.06103772,-0.04535219,-0.003207603,-1.568091,-4.115232,1.175722,0.6169411,1.018262,0.379298,-0.1119815,0.2258433,0.1130143,-0.7483658,-4.67879,0.3295614,0.7205044,1.390937,0.3534212,-0.2292241,0.3746315,-0.01268769,-0.9513573,0.1368668,0.1607878,0.822199,1.453598,0.1716473,0.4892266,0.9705162,0.2704168,305.7366,214.8172,35.43219
1,0.2222222,-0.1971514,0.03377184,0.1053698,-1.478871,-4.21569,2.992913,0.7133566,1.177456,0.4279373,0.09129012,-0.06422389,-0.04360641,-1.569328,-4.116677,1.18271,0.6161857,1.01915,0.3782589,-0.1380592,0.1878562,0.06081634,-0.7488894,-4.676635,0.3304429,0.7191027,1.391064,0.3526213,-0.221706,0.3692932,-0.002083369,-0.9505088,0.1415009,0.1602741,0.8215688,1.45362,0.1711514,0.488067,0.9719536,0.269744,305.4247,215.0227,35.40026
1,0.2333333,-0.4048885,0.06093616,0.04367729,-1.479506,-4.215337,2.987908,0.7125316,1.177617,0.4270735,0.1771594,-0.07214469,-0.03833887,-1.566062,-4.117136,1.194642,0.6154398,1.020099,0.37692,-0.1457726,0.1848565,0.02676604,-0.7490439,-4.673516,0.3300493,0.7177178,1.391108,0.3517575,-0.2206346,0.3565477,0.003250597,-0.949761,0.146286,0.1598728,0.8206906,1.4536,0.1706336,0.4868067,0.9734704,0.2691504,305.0521,215.2084,35.2515
1,0.2444444,-0.4326758,0.05961378,0.03632255,-1.478535,-4.216841,2.984664,0.7116755,1.178072,0.4262342,0.2090305,-0.05689299,0.01016091,-1.56558,-4.117298,1.199942,0.6146594,1.020995,0.3761418,-0.1308522,0.2061509,0.01824841,-0.7479424,-4.669333,0.3279555,0.7163546,1.391152,0.3508375,-0.2163475,0.3373829,0.01603515,-0.9486489,0.1499727,0.1599942,0.8197671,1.4534,0.1701355,0.4853944,0.9751298,0.267897,304.763,215.5284,35.05674
1,0.2555556,-0.4142753,0.06469584,0.0532078,-1.477926,-4.2179,2.984004,0.7108679,1.178504,0.4254656,0.1776247,-0.04079342,0.03443135,-1.566209,-4.118012,1.204006,0.6136681,1.021828,0.3752055,-0.1081222,0.2805739,0.0323066,-0.7454076,-4.662066,0.3230563,0.7148405,1.391228,0.3499498,-0.2226564,0.3438103,0.02459243,-0.9474866,0.1546978,0.1598839,0.8189887,1.453427,0.1696529,0.4837905,0.9770508,0.2669435,304.2495,215.9574,34.78269
1,0.2666667,-0.4554175,0.01300253,0.0009267181,-1.477083,-4.218836,2.984753,0.7098535,1.178867,0.4246974,0.1226158,-0.01932865,0.05087299,-1.564152,-4.115627,1.210144,0.611963,1.022969,0.3743024,-0.1057302,0.3444551,0.03793386,-0.7429889,-4.654141,0.3183772,0.7134675,1.391328,0.3490608,-0.2278717,0.3587464,0.03312946,-0.9461556,0.1599184,0.1595372,0.8182293,1.453411,0.1691434,0.4822502,0.9789766,0.2657935,303.4414,216.3789,34.45026
1,0.2777778,-0.5055202,-0.02809744,-0.05283451,-1.4743,-4.215935,2.988328,0.7082309,1.179169,0.4240289,0.02041568,0.07836473,-0.006382205,-1.561318,-4.112898,1.216982,0.610236,1.024004,0.3732541,-0.1149998,0.4179497,0.04689112,-0.7399769,-4.644336,0.3127318,0.7119607,1.391599,0.348089,-0.2362178,0.376911,0.04913986,-0.9442973,0.1655744,0.1591561,0.8174328,1.453478,0.168612,0.4807062,0.9808247,0.2649038,302.8217,216.7567,34.18313
1,0.2888889,-0.5840789,-0.09855367,-0.1113119,-1.472312,-4.21158,2.989033,0.7067366,1.179365,0.4231951,-0.003382931,0.136157,-0.07966051,-1.557901,-4.108307,1.225289,0.6081967,1.024928,0.3716979,-0.1273505,0.457209,0.08766142,-0.7359257,-4.636738,0.3089467,0.7105525,1.391651,0.3470137,-0.2117022,0.3597912,0.05964935,-0.9427547,0.1693074,0.1584261,0.8166471,1.453622,0.168036,0.4788566,0.9829693,0.2634596,302.0685,217.0279,33.9918
1,0.3,-0.667224,-0.1536635,-0.1483168,-1.469653,-4.204428,2.989315,0.7046926,1.179689,0.4224145,-0.00437486,0.2094129,-0.1908083,-1.55474,-4.103371,1.234742,0.6058995,1.026278,0.3704989,-0.1088839,0.4451516,0.1428585,-0.7314191,-4.63191,0.3059123,0.7091326,1.391789,0.345871,-0.1863355,0.3277239,0.04673515,-0.9422994,0.1723636,0.1578432,0.8159066,1.45363,0.1673849,0.4765906,0.9858246,0.2623305,301.4831,217.1423,34.00456
1,0.3111111,-0.7283702,-0.1816595,-0.1722536,-1.467209,-4.198061,2.988783,0.7027346,1.180133,0.4215355,0.009936053,0.255215,-0.2675631,-1.551828,-4.099409,1.244196,0.6039883,1.027612,0.369329,-0.09396011,0.4141253,0.1596466,-0.7281599,-4.62788,0.3034954,0.707737,1.391876,0.3447711,-0.1768986,0.3084824,0.03497797,-0.9419175,0.1755245,0.1576378,0.815214,1.453654,0.1667392,0.4742333,0.988728,0.2608364,300.8839,217.3062,33.92851
1,0.3222222,-0.8400877,-0.2013788,-0.2120022,-1.464439,-4.193417,2.988603,0.7007762,1.180571,0.4207017,0.01428536,0.2790175,-0.2827454,-1.54742,-4.094704,1.256748,0.6014633,1.029403,0.3681996,-0.1006765,0.3417636,0.1497456,-0.7265455,-4.626345,0.3037495,0.7061653,1.391984,0.343529,-0.1780946,0.2914253,0.02435895,-0.9416128,0.1787966,0.157755,0.8144919,1.453672,0.1660473,0.4715062,0.9920702,0.2594197,299.9812,217.7699,33.4503
1,0.3333333,-0.930747,-0.1945561,-0.2416747,-1.460783,-4.190357,2.989168,0.6987178,1.181133,0.4198115,0.003175834,0.310524,-0.2649913,-1.542957,-4.091339,1.269296,0.5988968,1.031002,0.3667979,-0.1746127,0.3060114,0.1074852,-0.7261173,-4.623255,0.3058582,0.7046333,1.392043,0.3425045,-0.1834591,0.2860993,0.02227766,-0.9409513,0.1821813,0.1579974,0.8137223,1.453804,0.1653612,0.4689641,0.9953643,0.2583009,298.9687,218.3768,32.79374
1,0.3444445,-1.001407,-0.1988637,-0.2742971,-1.456492,-4.187418,2.991665,0.6965609,1.181597,0.4188848,-0.04670467,0.3509337,-0.2413882,-1.538064,-4.087296,1.281621,0.5959576,1.032913,0.3655169,-0.2356243,0.3064245,0.06744069,-0.725664,-4.617888,0.3065983,0.7030958,1.39212,0.3414719,-0.1865994,0.2978323,0.02441216,-0.9400005,0.1867002,0.1575233,0.8129874,1.453829,0.1646862,0.4657279,0.9991248,0.2567431,297.6832,219.0491,31.99667
1,0.3555556,-1.079227,-0.1841324,-0.3007452,-1.452156,-4.183983,2.996372,0.6941527,1.1821,0.4179914,-0.1338668,0.3887849,-0.2382351,-1.532805,-4.083827,1.295367,0.5924946,1.034931,0.3641713,-0.291417,0.3613575,-0.01390953,-0.726602,-4.608194,0.3045173,0.7016379,1.392295,0.3404849,-0.1886364,0.3138065,0.03079079,-0.9388527,0.1912244,0.1570956,0.8123888,1.454005,0.1640658,0.4625213,1.00272,0.2545581,296.5715,219.2356,31.7475
1,0.3666667,-1.137301,-0.1627568,-0.3115838,-1.448334,-4.180253,3.001499,0.6917526,1.182575,0.417094,-0.2101341,0.408042,-0.245455,-1.528048,-4.081028,1.309263,0.5892746,1.036818,0.3626411,-0.2851202,0.3945166,-0.04361457,-0.726178,-4.599685,0.3008357,0.7001888,1.392443,0.3395329,-0.1822437,0.310574,0.03288498,-0.9378886,0.1948939,0.1567228,0.8116405,1.45395,0.1634312,0.4589837,1.006845,0.2528448,295.665,218.9846,32.0316
1,0.3777778,-1.229291,-0.1769114,-0.3525343,-1.44346,-4.175897,3.010461,0.6889241,1.183001,0.4160278,-0.3518608,0.4604087,-0.260693,-1.521569,-4.07645,1.32514,0.5853429,1.039049,0.3609324,-0.2638499,0.3976706,-0.0501438,-0.7256262,-4.592704,0.2978317,0.6988447,1.392686,0.3384686,-0.1675224,0.2806747,0.02004373,-0.9377677,0.1975227,0.1565353,0.8110012,1.453976,0.1627004,0.4549142,1.011426,0.2510966,294.8308,218.5486,32.53626
1,0.3888889,-1.315753,-0.1775115,-0.3928118,-1.438755,-4.172204,3.016957,0.6862538,1.18347,0.4149864,-0.4118582,0.4851091,-0.2607893,-1.514556,-4.07232,1.341387,0.5812954,1.041187,0.3589926,-0.2572912,0.3697706,-0.01304878,-0.7235867,-4.588643,0.2974956,0.6974713,1.392846,0.3373806,-0.1528707,0.2432739,0.000798556,-0.9384602,0.1988608,0.1569103,0.8102933,1.454046,0.1620176,0.450747,1.016134,0.2492424,293.9604,218.1525,33.05833
1,0.4,-1.389639,-0.1499961,-0.4022755,-1.433787,-4.169584,3.025603,0.6833771,1.183908,0.4138043,-0.4925897,0.5033646,-0.2436998,-1.508233,-4.069451,1.358519,0.5770354,1.04353,0.357235,-0.2622945,0.3193744,0.0559827,-0.7202679,-4.587054,0.2994083,0.6962838,1.39309,0.3362865,-0.1487609,0.2208711,-0.009847768,-0.938686,0.2009854,0.1571579,0.8096457,1.454064,0.1612821,0.4466535,1.020838,0.2473771,292.9857,217.9805,33.35248
1,0.4111111,-1.455112,-0.1186141,-0.4065478,-1.428847,-4.167361,3.033577,0.6805007,1.184606,0.412667,-0.5466711,0.5139792,-0.2209023,-1.502074,-4.067238,1.375767,0.5727023,1.045874,0.3551445,-0.2652675,0.2711763,0.1090347,-0.7169629,-4.586401,0.3018701,0.6950495,1.393309,0.335186,-0.1371471,0.2069249,-0.01952133,-0.9392272,0.2027345,0.1571523,0.8089942,1.454217,0.1605999,0.4418278,1.025904,0.2450049,291.6031,218.0367,33.38961
1,0.4222222,-1.495878,-0.1012398,-0.4032493,-1.424023,-4.166561,3.043721,0.6773999,1.184994,0.4114065,-0.6238599,0.5205661,-0.1839157,-1.496118,-4.064807,1.392728,0.5683746,1.048201,0.3532794,-0.270385,0.2080546,0.1673505,-0.713333,-4.587622,0.3058073,0.6938281,1.393396,0.3341279,-0.1232652,0.2100793,-0.01642918,-0.9389337,0.2056835,0.1562508,0.8083217,1.45431,0.1599178,0.4375818,1.030638,0.2432017,290.4443,218.0014,33.50709
1,0.4333333,-1.559442,-0.06631789,-0.3980305,-1.419705,-4.166264,3.056213,0.6740577,1.185282,0.4099634,-0.7453169,0.5202896,-0.1438728,-1.489986,-4.063416,1.410964,0.5637637,1.050476,0.3507953,-0.2789877,0.1696968,0.1746776,-0.7110757,-4.587846,0.3093081,0.6927578,1.393574,0.3331218,-0.1242477,0.2217618,-0.01220901,-0.9388633,0.2084577,0.1558692,0.8078198,1.45444,0.1591234,0.4326745,1.035954,0.241065,289.116,217.914,33.76629
1,0.4444444,-1.616369,-0.0308305,-0.3943873,-1.415163,-4.165571,3.067893,0.6708606,1.185686,0.4086628,-0.8184585,0.5221084,-0.1251029,-1.483823,-4.062427,1.429836,0.5588752,1.05306,0.348417,-0.2823325,0.1527241,0.1629119,-0.7093015,-4.586641,0.3116607,0.6916733,1.39382,0.3321123,-0.1199252,0.2175041,-0.001579385,-0.9381613,0.2111386,0.1554482,0.8072,1.454563,0.1583934,0.4274625,1.041491,0.2390968,287.8416,217.7828,34.21355
1,0.4555556,-1.65979,0.01248309,-0.3912458,-1.411209,-4.165695,3.08205,0.6674742,1.185987,0.4070671,-0.9281945,0.5171169,-0.09975062,-1.477565,-4.062275,1.449,0.5536233,1.055614,0.3461385,-0.3160275,0.1212704,0.08522707,-0.7108057,-4.585524,0.3153974,0.6906306,1.394071,0.3311584,-0.1082232,0.1908419,0.009036492,-0.9374663,0.2123878,0.1555121,0.8060889,1.454558,0.1576943,0.4222234,1.047146,0.2372834,286.5733,217.9588,34.42884
1,0.4666667,-1.677752,0.05108805,-0.4086103,-1.406905,-4.166126,3.096027,0.6641202,1.186306,0.4055252,-1.00227,0.5148687,-0.07339244,-1.470546,-4.06252,1.467337,0.5484365,1.058225,0.3438504,-0.3366172,0.09809569,0.04797808,-0.7111604,-4.584636,0.3190315,0.6894888,1.394361,0.3301959,-0.1008369,0.1673915,0.009084819,-0.9365022,0.21382,0.1553837,0.805391,1.454549,0.1569808,0.4168624,1.052354,0.2349786,285.2768,218.5515,34.27114
1,0.4777778,-1.68111,0.1342801,-0.3143997,-1.404248,-4.16936,3.114928,0.6603602,1.186547,0.4036887,-1.168402,0.4853503,-0.005723283,-1.468172,-4.065747,1.486379,0.5428407,1.060714,0.3410714,-0.3582471,0.04500183,0.02869131,-0.7119338,-4.58638,0.3250415,0.6883852,1.394641,0.3292229,-0.07968187,0.1428026,-0.000613682,-0.9367254,0.2147492,0.1549677,0.8047698,1.454624,0.1561668,0.4110931,1.057844,0.2331128,283.9547,219.067,34.29687
1,0.4888889,-1.717012,0.1328758,-0.4432767,-1.400536,-4.171907,3.130845,0.6569769,1.186625,0.4018273,-1.225522,0.4824897,0.0496079,-1.456854,-4.065582,1.505428,0.5371324,1.063343,0.3384051,-0.3635151,0.02896535,0.04462726,-0.7108728,-4.587135,0.3298035,0.6872588,1.394892,0.3281949,-0.074409,0.1449411,-0.008107265,-0.9366689,0.2176283,0.1540743,0.8037567,1.454644,0.1554694,0.4054594,1.063183,0.230513,282.7438,218.8572,35.05753
1,0.5,-1.662554,0.3054018,-0.2270849,-1.398829,-4.177595,-3.130772,0.6531631,1.186549,0.3996203,-1.389044,0.4368209,0.1295404,-1.459751,-4.073567,1.523772,0.531,1.065628,0.3352504,-0.3513244,0.03820397,0.1053133,-0.7075247,-4.587771,0.3337276,0.6862193,1.395178,0.3270929,-0.08503573,0.1481764,-0.00590635,-0.9363951,0.2197632,0.1540814,0.8030306,1.454708,0.1546943,0.3990784,1.068936,0.2285695,281.6195,217.4213,37.52802
1,0.5111111,-1.673998,0.3197004,-0.2379526,-1.398392,-4.182154,-3.111211,0.6496103,1.186666,0.3976352,-1.47549,0.3797979,0.1793898,-1.454942,-4.076648,1.542511,0.5257254,1.068125,0.3315547,-0.3319197,0.04866014,0.1318604,-0.7050468,-4.58747,0.3364531,0.6851512,1.395483,0.3260071,-0.09030201,0.1482254,0.004779581,-0.9357554,0.2219307,0.1542042,0.802565,1.454921,0.1538367,0.3930389,1.074426,0.2264259,280.3603,215.9348,39.71017
1,0.5222223,-1.656813,0.3770778,-0.1847487,-1.396841,-4.191705,-3.089143,0.6456772,1.186569,0.3951385,-1.560784,0.3682965,0.3079553,-1.452651,-4.081728,1.561269,0.519459,1.070542,0.3283851,-0.3253816,0.08377604,0.1351857,-0.7027975,-4.585207,0.3381325,0.6839473,1.395712,0.3247607,-0.09549954,0.1482729,0.022927,-0.9346428,0.2237881,0.1543576,0.8018532,1.455051,0.1530077,0.3866164,1.080114,0.2244433,279.0674,214.0622,42.2799
1,0.5333334,-1.641074,0.4759029,-0.1589672,-1.396863,-4.200606,-3.06742,0.6416747,1.18641,0.3924718,-1.63307,0.3226127,0.4073208,-1.449678,-4.089393,1.580326,0.5131545,1.073115,0.3250537,-0.3337198,0.1199819,0.1439556,-0.7002553,-4.582454,0.3402138,0.6827744,1.39586,0.3234866,-0.09641539,0.1472484,0.04424132,-0.9332622,0.2256494,0.1543259,0.8014635,1.455155,0.1519966,0.3797246,1.085563,0.2218304,277.8326,212.0529,45.24699
1,0.5444446,-1.65142,0.5596359,-0.1442781,-1.396333,-4.207491,-3.047315,0.6375849,1.186268,0.3897364,-1.647531,0.3025489,0.4302981,-1.447028,-4.097301,1.600587,0.5067476,1.075913,0.3217998,-0.3485123,0.1370352,0.1526706,-0.6976268,-4.580386,0.3430814,0.6815308,1.396019,0.3222795,-0.09744301,0.1291644,0.05812705,-0.9320126,0.2264562,0.154967,0.8008022,1.455246,0.1510808,0.3731182,1.091024,0.2197473,276.6794,209.4664,48.63942
1,0.5555557,-1.677379,0.5903699,-0.152945,-1.395402,-4.21263,-3.026443,0.6332021,1.18603,0.3865454,-1.690979,0.29613,0.4238375,-1.443765,-4.104146,1.621202,0.5003406,1.078558,0.3181641,-0.3892381,0.1533731,0.1104302,-0.6970749,-4.57713,0.3462767,0.68032,1.39608,0.3212256,-0.08464575,0.09081684,0.07939484,-0.9305905,0.225962,0.1559105,0.8001423,1.455346,0.1500165,0.3663014,1.096273,0.2174185,275.6716,207.5662,51.29
1,0.5666668,-1.665107,0.6070929,-0.1569057,-1.394644,-4.217412,-3.005793,0.629011,1.18589,0.3835294,-1.717408,0.2893137,0.4002666,-1.440972,-4.110587,1.640364,0.4937024,1.081401,0.3147717,-0.4174573,0.1559734,0.03714007,-0.6981663,-4.573534,0.3490294,0.6790398,1.396223,0.320133,-0.07718873,0.09079455,0.08040208,-0.9296265,0.2271738,0.1559361,0.7994286,1.455522,0.1491075,0.3593726,1.101191,0.2147686,274.7025,206.6449,52.92306
1,0.577778,-1.569218,0.6083556,-0.1484371,-1.394275,-4.224082,-2.984126,0.6249585,1.185821,0.3807101,-1.749324,0.2822871,0.4201294,-1.439095,-4.116933,1.655732,0.4871787,1.083668,0.3110895,-0.4283821,0.1508612,0.002036957,-0.6987644,-4.57072,0.3520299,0.6777736,1.396281,0.3189957,-0.075055,0.0939815,0.07931636,-0.9286118,0.2284369,0.1559425,0.7987617,1.455615,0.1482098,0.3527268,1.10593,0.2122125,273.8241,204.9759,55.36827
1,0.5888891,-1.400583,0.6224691,-0.1194499,-1.395614,-4.233591,-2.955346,0.6210675,1.185881,0.3775475,-1.917326,0.2584814,0.4895126,-1.439066,-4.123899,1.666518,0.4808643,1.085934,0.3070669,-0.459282,0.1015182,-0.1215563,-0.7040205,-4.568875,0.3567674,0.6765046,1.396242,0.3178241,-0.0781591,0.1174371,0.0835456,-0.9274246,0.2309373,0.1556895,0.7981706,1.455591,0.1471908,0.3459771,1.110405,0.2097765,273.0893,203.8765,57.24709
1,0.6000003,-1.288143,0.6512011,-0.08042377,-1.398533,-4.24211,-2.930789,0.6170357,1.185674,0.3743083,-1.98249,0.1986383,0.5368527,-1.439987,-4.131506,1.678389,0.4745178,1.088056,0.3032265,-0.4737132,0.08702308,-0.1950337,-0.7081659,-4.565792,0.3601243,0.6750611,1.396343,0.3167107,-0.09507717,0.1302972,0.09536333,-0.9257079,0.2329442,0.1560935,0.7974482,1.45565,0.1462667,0.3392928,1.114333,0.2074318,272.2433,199.7566,62.05046
1,0.6111114,-1.211446,0.6729433,-0.04950005,-1.401841,-4.250788,-2.906905,0.6130774,1.185488,0.3712423,-2.003523,0.1479161,0.578861,-1.441126,-4.13912,1.69114,0.4682338,1.090195,0.2994757,-0.4803663,0.105391,-0.2396353,-0.7110587,-4.560841,0.3618954,0.6737188,1.396506,0.3155529,-0.1120511,0.1345978,0.1028664,-0.9250138,0.2341779,0.1571507,0.7972104,1.45608,0.1453207,0.3326826,1.118214,0.2043797,271.4249,187.9811,74.48194
1,0.6222225,-1.069665,0.7020786,0.02626687,-1.408444,-4.26223,-2.882755,0.6090935,1.185434,0.3679681,-2.025642,0.03659958,0.6775575,-1.445392,-4.146926,1.69987,0.4620454,1.091925,0.2955654,-0.4805455,0.1375534,-0.2799545,-0.7144387,-4.554516,0.3625185,0.6721863,1.396674,0.3142464,-0.1311756,0.1293516,0.1125987,-0.9232317,0.2354461,0.1585364,0.7965411,1.456226,0.14434,0.3261753,1.121253,0.2018695,270.8758,166.0885,97.03954
1,0.6333337,-0.9113551,0.7346596,0.1115113,-1.415258,-4.272584,-2.859719,0.6050408,1.185342,0.3647699,-2.01954,-0.04554474,0.7233955,-1.451416,-4.154702,1.70665,0.4559837,1.093722,0.2917719,-0.4663475,0.1789106,-0.2521483,-0.7148356,-4.548885,0.3629113,0.6706067,1.39689,0.3129032,-0.149301,0.1198453,0.1159507,-0.9214751,0.2366289,0.1601029,0.7952007,1.456214,0.143383,0.3196943,1.124427,0.1993643,270.6656,114.7787,149.0506
1,0.6444448,-0.763772,0.7534078,0.1948768,-1.425025,-4.282864,-2.8393,0.600942,1.185207,0.3614039,-1.961684,-0.1781611,0.7794745,-1.458234,-4.161842,1.712478,0.4500311,1.095242,0.2879162,-0.4541295,0.2511384,-0.2177816,-0.7142805,-4.540778,0.3615089,0.6688855,1.39699,0.3115165,-0.168429,0.1113723,0.1257526,-0.9188204,0.2369095,0.1622262,0.7937587,1.456134,0.142545,0.3133469,1.127486,0.1968646,271.0708,71.68986,192.7845
1,0.655556,-0.6262365,0.7533209,0.234954,-1.432443,-4.291686,-2.81908,0.5969146,1.185147,0.3581181,-1.917144,-0.2269986,0.7738917,-1.464489,-4.16852,1.716667,0.4443397,1.096605,0.2840917,-0.4704962,0.285965,-0.1407834,-0.7119247,-4.534976,0.3628789,0.6670806,1.397052,0.3099742,-0.1726638,0.1124571,0.1289768,-0.917075,0.2381689,0.1635362,0.7929366,1.45621,0.1416571,0.3072613,1.129759,0.1940941,271.4936,58.07714,206.979
1,0.6666671,-0.5229805,0.7433531,0.2488757,-1.439017,-4.298476,-2.80161,0.5929011,1.184892,0.3547585,-1.828699,-0.2635385,0.7307573,-1.469824,-4.174808,1.721025,0.4387856,1.09817,0.2807305,-0.4934698,0.3124271,-0.08934884,-0.7098954,-4.529272,0.3648866,0.6654136,1.3971,0.3085215,-0.1843269,0.1348414,0.1258476,-0.9152363,0.2403985,0.164532,0.7920825,1.4562,0.1408491,0.3011817,1.132377,0.1911664,272.0742,52.46144,213.1823
1,0.6777782,-0.428788,0.7382749,0.2667998,-1.446389,-4.305271,-2.785559,0.5890391,1.184703,0.3515878,-1.735106,-0.3051073,0.7030126,-1.475754,-4.181032,1.72437,0.4334745,1.099251,0.2772014,-0.543004,0.3805754,-0.04816424,-0.706674,-4.520333,0.3658344,0.6634066,1.397102,0.3070009,-0.2289365,0.1882444,0.1196839,-0.9134989,0.2448926,0.165802,0.7911739,1.456131,0.1400876,0.2955178,1.134402,0.1887137,272.6017,50.46444,215.6045
1,0.6888894,-0.36813,0.7462766,0.2963947,-1.454491,-4.313447,-2.768438,0.5853208,1.184601,0.3484113,-1.686697,-0.3424563,0.7098898,-1.482501,-4.187367,1.728368,0.4281812,1.100213,0.2731698,-0.5909716,0.4416394,-0.08266734,-0.706395,-4.509294,0.3654302,0.6613272,1.397076,0.3055396,-0.2544288,0.2128249,0.1187602,-0.9117513,0.248438,0.1672356,0.790575,1.456109,0.1392739,0.2896429,1.136626,0.1860936,273.2406,48.8226,217.6391
1,0.7000005,-0.2818516,0.7424089,0.2712812,-1.458282,-4.316839,-2.756208,0.581704,1.18448,0.3450284,-1.551221,-0.3098323,0.6061391,-1.487637,-4.193801,1.729955,0.4233448,1.101068,0.2697501,-0.6102477,0.5154637,-0.1322261,-0.7064924,-4.496035,0.3626876,0.6591227,1.397207,0.3041222,-0.2766807,0.2395387,0.1231358,-0.9096799,0.252497,0.1685158,0.7896526,1.456073,0.138514,0.2843437,1.138083,0.1836914,273.8596,47.93636,218.7522
1,0.7111117,-0.2074585,0.7401229,0.2680922,-1.465276,-4.322023,-2.740875,0.578682,1.184277,0.3421512,-1.518161,-0.3431429,0.5773521,-1.493467,-4.199924,1.731317,0.4182906,1.102112,0.2665131,-0.6111021,0.602904,-0.1456222,-0.7050788,-4.481284,0.3580575,0.6570433,1.397345,0.3028195,-0.288337,0.2555581,0.1253268,-0.907699,0.2561963,0.1697677,0.7888981,1.456094,0.1377189,0.2792876,1.139499,0.1815378,274.2246,48.38884,218.674
1,0.7222228,-0.08192706,0.6794236,0.2509912,-1.472097,-4.330674,-2.724974,0.5754745,1.184152,0.3390038,-1.505101,-0.3421436,0.6269083,-1.498459,-4.203723,1.729028,0.4142437,1.102692,0.2629955,-0.5768896,0.7009463,-0.176268,-0.7041047,-4.463548,0.3497157,0.6548457,1.397384,0.3012612,-0.3031981,0.2577486,0.1318209,-0.9055791,0.2594682,0.1715627,0.7879148,1.456119,0.136934,0.2746664,1.140833,0.1795013,274.2004,50.35117,217.3049
1,0.7333339,-0.03905302,0.6855145,0.2687841,-1.479312,-4.336874,-2.711305,0.5723254,1.184202,0.335803,-1.450352,-0.3642882,0.6121236,-1.50505,-4.209114,1.729405,0.4100345,1.103389,0.2597332,-0.5352294,0.7349081,-0.177455,-0.7027672,-4.44947,0.3433217,0.6527725,1.397417,0.2995799,-0.314853,0.2546203,0.1425697,-0.9031525,0.2624517,0.1735641,0.7870378,1.456356,0.1360068,0.2700424,1.141944,0.1770827,274.2074,51.03718,217.2628
1,0.7444451,0.03612366,0.6557928,0.3032073,-1.486976,-4.340345,-2.703109,0.5696477,1.184101,0.3329651,-1.294925,-0.4092791,0.5571897,-1.512492,-4.213063,1.727937,0.4061432,1.103963,0.2568974,-0.5071385,0.7655041,-0.1380854,-0.6996614,-4.435318,0.3370321,0.6505136,1.397512,0.2978756,-0.3296604,0.2546942,0.1575895,-0.9003748,0.265509,0.1758709,0.7860188,1.456434,0.1351807,0.2658901,1.142476,0.1744757,274.1986,50.11403,218.7457
1,0.7555562,0.07946479,0.6195547,0.307867,-1.493895,-4.345165,-2.693097,0.5667338,1.184056,0.3301344,-1.217635,-0.4230855,0.5364951,-1.51848,-4.216405,1.726589,0.4023506,1.104404,0.2538009,-0.5174673,0.8229949,-0.1228015,-0.6968065,-4.419101,0.3306797,0.6484032,1.397581,0.2960975,-0.3392132,0.2568752,0.1619133,-0.8980067,0.26891,0.1778366,0.7851157,1.456366,0.134325,0.2620279,1.142817,0.172029,274.3988,46.32103,222.7625
1,0.7666674,0.1346784,0.5701065,0.3063682,-1.499722,-4.348385,-2.68537,0.5639174,1.183909,0.3276103,-1.099114,-0.4211971,0.4826253,-1.523907,-4.218932,1.724185,0.3987815,1.104497,0.2509346,-0.4944045,0.8907799,-0.06085005,-0.6917827,-4.40189,0.3220878,0.6460732,1.397707,0.2944977,-0.3593282,0.2729445,0.1716192,-0.8951635,0.2730065,0.1798851,0.784042,1.456476,0.1337388,0.2582195,1.143026,0.1702737,274.9034,42.1206,226.9508
1,0.7777785,0.1915758,0.5277984,0.3232311,-1.505308,-4.349251,-2.679507,0.5612101,1.183825,0.3250918,-0.9767615,-0.4246538,0.3930996,-1.530151,-4.221021,1.720997,0.3955953,1.104479,0.2480447,-0.4406107,0.9532285,-0.01830825,-0.686663,-4.383434,0.3109182,0.6439048,1.397795,0.2928379,-0.3837357,0.2954294,0.1760141,-0.8923422,0.2780381,0.1819852,0.7830292,1.456535,0.132947,0.2546268,1.142849,0.1678931,275.3776,39,230.0319
1,0.7888896,0.2261638,0.4969384,0.3302854,-1.510996,-4.351038,-2.673652,0.558653,1.183715,0.3226924,-0.8786558,-0.4253273,0.3401946,-1.536284,-4.223283,1.718144,0.3921651,1.104604,0.2452714,-0.4052607,0.995671,-0.009830028,-0.6830284,-4.365005,0.3000288,0.6416115,1.39801,0.2912462,-0.3997035,0.3051005,0.1760904,-0.8898974,0.2826573,0.1842644,0.7818745,1.456446,0.1321559,0.2509463,1.14295,0.1657476,275.6204,37.20617,231.9796
1,0.8000008,0.2936296,0.4155281,0.3166327,-1.515921,-4.35282,-2.66816,0.5562267,1.183587,0.3204179,-0.794969,-0.4087248,0.3012373,-1.540664,-4.223473,1.713089,0.3895329,1.104301,0.24282,-0.3722338,0.9987562,-0.01111796,-0.6798805,-4.347573,0.2893961,0.6395276,1.398117,0.2896473,-0.4134986,0.3030303,0.1847143,-0.8869733,0.2863107,0.1870687,0.7807978,1.45652,0.1313465,0.2478286,1.142361,0.1634579,275.5985,35.83298,233.5647
1,0.8111119,0.3241592,0.3831334,0.3042716,-1.521467,-4.35505,-2.661849,0.5538877,1.183499,0.3180878,-0.7433805,-0.4065157,0.2791066,-1.545463,-4.224995,1.709411,0.3865157,1.10418,0.2405603,-0.3810113,0.9519897,-0.02300102,-0.6778725,-4.333162,0.2830836,0.6373729,1.398279,0.2879655,-0.4070598,0.2965983,0.1932263,-0.8837359,0.2891114,0.1894349,0.7793792,1.456593,0.1304994,0.2449417,1.14165,0.1611542,275.2722,35.70396,234.0601
1,0.8222231,0.379594,0.3354039,0.2920111,-1.526633,-4.357382,-2.657738,0.5517796,1.183422,0.3161364,-0.6679123,-0.4022657,0.2699388,-1.549732,-4.225479,1.703833,0.3840932,1.103737,0.2383909,-0.3942858,0.8722845,-0.05207258,-0.6774416,-4.321878,0.2791517,0.6353859,1.39836,0.2863812,-0.3910291,0.2848477,0.2059157,-0.8805305,0.2919645,0.1914128,0.7782737,1.45668,0.1296368,0.2423391,1.140961,0.1593653,274.9867,36.63332,233.4398
1,0.8333342,0.4296234,0.3306499,0.2817298,-1.530696,-4.360938,-2.654077,0.5498279,1.183285,0.3142469,-0.592227,-0.3686614,0.2876713,-1.554856,-4.227377,1.698016,0.3815901,1.103406,0.2359402,-0.3934081,0.8361158,-0.06186023,-0.6762863,-4.308848,0.2733314,0.6333674,1.398295,0.2848105,-0.3878345,0.2763199,0.2091149,-0.8775344,0.2949595,0.1936568,0.777239,1.456789,0.1288717,0.2395423,1.140305,0.1571938,274.9107,37.18322,233.0519
1,0.8444453,0.4450598,0.261192,0.2030805,-1.532042,-4.361016,-2.653065,0.5476613,1.183346,0.3125932,-0.4671942,-0.3085557,0.216938,-1.555371,-4.227763,1.692469,0.3794725,1.102957,0.2342558,-0.3654388,0.8454387,-0.02898932,-0.6729504,-4.294299,0.2650186,0.6313901,1.398405,0.2833328,-0.3909577,0.2731538,0.2208609,-0.874156,0.2979699,0.1961818,0.7761875,1.456913,0.128052,0.23715,1.139534,0.1552105,274.9229,37.76078,232.3514
1,0.8555565,0.437931,0.2323237,0.1813761,-1.532764,-4.360845,-2.652663,0.5457606,1.183287,0.3108904,-0.3613694,-0.2491145,0.1590314,-1.558142,-4.228827,1.688414,0.3773746,1.102736,0.2329621,-0.3061796,0.9248717,0.02319154,-0.6675102,-4.274306,0.2506266,0.6293954,1.398631,0.2816498,-0.3877717,0.2710136,0.2197823,-0.8711381,0.3012425,0.198332,0.7751273,1.456977,0.1273158,0.2348763,1.138696,0.1533259,274.8494,38.25134,231.561
1,0.8666676,0.4209965,0.2049922,0.1669808,-1.534505,-4.360969,-2.650998,0.5443792,1.183226,0.3089247,-0.3035356,-0.2135349,0.1204242,-1.560661,-4.229493,1.684692,0.3756058,1.102279,0.231178,-0.2803752,0.9363664,0.05076781,-0.663517,-4.25772,0.2400478,0.627519,1.398728,0.2801285,-0.3814902,0.2635214,0.2080332,-0.8686944,0.3042966,0.2004945,0.774156,1.457062,0.1264822,0.2325911,1.137979,0.1515663,274.6855,38.24872,231.3831
1,0.8777788,0.417504,0.1895138,0.1458995,-1.53728,-4.362406,-2.649924,0.5430248,1.183172,0.3074243,-0.2568169,-0.2156575,0.1275227,-1.562803,-4.230524,1.680393,0.3740905,1.101874,0.2296963,-0.2493696,0.8988003,0.084445,-0.659355,-4.244519,0.2313461,0.6258278,1.398837,0.2786887,-0.3710257,0.2570559,0.184532,-0.8669127,0.3073622,0.2023084,0.7731875,1.457062,0.1258006,0.2308672,1.137181,0.1499089,274.493,38.27921,231.0383
1,0.8888899,0.4195465,0.1853243,0.1459541,-1.540453,-4.364451,-2.648312,0.541508,1.182915,0.3060145,-0.2346182,-0.2201939,0.1437337,-1.566055,-4.231634,1.675861,0.3724422,1.10141,0.2281249,-0.2442036,0.8679382,0.07575166,-0.6569177,-4.230884,0.2231974,0.6240497,1.398907,0.2773502,-0.37005,0.262356,0.1696086,-0.8648072,0.3110948,0.2040613,0.772127,1.456979,0.1251526,0.2290253,1.136283,0.1482638,274.439,38.60244,230.6496
1,0.900001,0.4053223,0.1607514,0.1309402,-1.543285,-4.366588,-2.647713,0.5403333,1.182805,0.3047504,-0.198033,-0.221211,0.1597249,-1.567898,-4.232054,1.672029,0.371407,1.10096,0.2270298,-0.2274328,0.7762263,0.08262259,-0.6545928,-4.222554,0.2186072,0.6226373,1.39894,0.2761786,-0.3774522,0.2719738,0.1728415,-0.8621872,0.3149219,0.206069,0.771114,1.456987,0.1244216,0.2275625,1.135633,0.1467522,274.3206,39.80526,229.5173
1,0.9111122,0.3784667,0.1313364,0.1162144,-1.544681,-4.366739,-2.647865,0.5389922,1.182705,0.3035645,-0.1460448,-0.1947396,0.1296618,-1.569522,-4.232358,1.668888,0.3702292,1.100364,0.2256711,-0.2008673,0.7313391,0.09286767,-0.6517373,-4.211977,0.2114542,0.6209728,1.39906,0.274904,-0.3667136,0.2645137,0.1877033,-0.8589195,0.3177995,0.207941,0.7701803,1.457064,0.1235969,0.2264093,1.134874,0.1454476,274.1427,41.79696,227.6885
1,0.9222233,0.3560745,0.1111427,0.1054546,-1.54557,-4.366498,-2.647961,0.5376863,1.182602,0.30231,-0.1108941,-0.1672035,0.09398046,4.712256,-4.232531,1.665822,0.3689758,1.099968,0.224412,-0.160716,0.6588055,0.08262092,-0.6501948,-4.204374,0.2057721,0.6195604,1.399122,0.2737875,-0.3368428,0.2410052,0.2045737,-0.855712,0.3194624,0.2095847,0.7692513,1.457095,0.1228123,0.2250791,1.134269,0.1440976,273.9856,43.67269,225.8708
1,0.9333345,0.3089787,0.06876391,0.08457397,-1.544787,-4.364681,-2.649599,0.5366335,1.182613,0.3011756,-0.04797723,-0.1163937,0.0326835,4.712012,-4.231926,1.663982,0.3679393,1.099531,0.2234645,-0.1440127,0.5949425,0.06196354,-0.6491039,-4.19658,0.2004298,0.6182847,1.399154,0.2726336,-0.3071128,0.2132154,0.203357,-0.8530659,0.3208157,0.2111093,0.7683136,1.457047,0.1219666,0.2243544,1.13345,0.1431781,273.9191,45.93891,223.5415
1,0.9444456,0.2809268,0.04751831,0.07177953,-1.544794,-4.363879,-2.651207,0.5357215,1.18253,0.300281,-0.000378944,-0.09003654,0.003889852,4.711537,-4.231627,1.661883,0.3669139,1.099152,0.2224307,-0.1377597,0.5693856,0.05539599,-0.6476579,-4.187851,0.1947919,0.6169564,1.399199,0.2715497,-0.2945732,0.1843786,0.1820166,-0.8514419,0.3220536,0.2131783,0.7674662,1.457002,0.1213052,0.2233088,1.132721,0.1421935,273.8876,47.68762,221.7316
1,0.9555568,0.2691779,0.01789806,0.04588282,-1.545065,-4.364113,-2.652028,0.5349048,1.182449,0.2994857,0.01619582,-0.07593119,0.009889935,4.711689,-4.231147,1.659325,0.3662534,1.098748,0.2221682,-0.1125295,0.5161559,0.03043829,-0.6474368,-4.181044,0.1895119,0.615835,1.399161,0.2706251,-0.2958508,0.1641089,0.1618173,-0.8501066,0.3232248,0.2157022,0.7667157,1.456937,0.1206777,0.2224136,1.131868,0.1410529,273.9872,48.89164,220.338
1,0.9666679,0.300136,0.002112243,0.03617784,-1.545733,-4.364787,-2.652471,0.5340058,1.182399,0.298852,0.02105018,-0.06769201,0.02157844,4.710979,-4.230835,1.654859,0.3653263,1.09832,0.2217679,-0.1094113,0.4905787,0.03136402,-0.6459545,-4.173295,0.1843967,0.6145771,1.399089,0.269455,-0.2927445,0.1587586,0.1522188,-0.8482429,0.3250238,0.2177374,0.7657036,1.456852,0.1200793,0.221629,1.131049,0.1405242,273.9979,50.19434,218.859
1,0.977779,0.3178962,-0.00830628,0.02971993,-1.54597,-4.365033,-2.653054,0.5331865,1.182344,0.2981517,0.02882749,-0.057241,0.02184762,4.710525,-4.230502,1.65077,0.3644455,1.097807,0.2210538,-0.1022333,0.44162,0.01721251,-0.6456834,-4.167951,0.181018,0.6135384,1.399066,0.2685218,-0.2811427,0.1512415,0.1393642,-0.846882,0.3265485,0.2194543,0.7649747,1.456806,0.1194804,0.2206903,1.130138,0.1394619,273.9225,52.68356,216.2592
1,0.9888902,0.3335357,-0.02328186,0.007099204,-1.545625,-4.364748,-2.653791,0.5323174,1.182293,0.2973864,0.03932528,-0.0382123,0.009803069,4.71084,-4.230367,1.646484,0.3636111,1.097285,0.2206764,-0.1036293,0.3937883,-0.003271729,-0.6458879,-4.163054,0.1784038,0.6124398,1.399122,0.2675536,-0.2577386,0.1426375,0.1392134,-0.845045,0.3278395,0.2207236,0.7643335,1.456732,0.1188548,0.2199341,1.128964,0.1385885,273.7304,57.73943,211.1557
1,1.000001,0.3447327,-0.04039148,-0.02554793,-1.544149,-4.364229,-2.655055,0.5314965,1.18224,0.2967417,0.06190987,-0.001612272,-0.005130546,4.711939,-4.230236,1.642106,0.3628139,1.096698,0.2202559,-0.0975772,0.3512847,-0.02910036,-0.6466379,-4.158612,0.1757622,0.6115005,1.399102,0.2666581,-0.2514267,0.1255664,0.1359999,-0.8434892,0.3285152,0.222853,0.763685,1.45669,0.1182184,0.2191262,1.127946,0.1378455,273.4865,65.32594,203.5634
1,1.011112,0.3567799,-0.04762174,-0.04851062,-1.542892,-4.36395,-2.656975,0.5306984,1.182182,0.2961686,0.08646403,0.0268749,-0.01504917,-1.570393,-4.230423,1.637848,0.3622147,1.09593,0.2197642,-0.09132996,0.3299968,-0.0377616,-0.6466006,-4.153504,0.1725443,0.6106359,1.399113,0.2658451,-0.2461145,0.1117139,0.1402446,-0.8416612,0.3291615,0.2250158,0.7631605,1.456688,0.1176069,0.2185078,1.126727,0.136818,273.3477,73.98746,194.9149
1,1.022224,0.3704328,-0.05015478,-0.05987696,-1.54171,-4.364116,-2.658121,0.5299116,1.182123,0.2955797,0.09373356,0.04310899,-0.008386602,-1.570003,-4.230511,1.633452,0.3615419,1.095316,0.2193978,-0.07316285,0.3160067,-0.02304995,-0.6459274,-4.148717,0.1688953,0.6098111,1.399001,0.2650163,-0.23874,0.1052833,0.1316797,-0.8403237,0.3300166,0.2268297,0.762581,1.456617,0.1170442,0.2176493,1.125731,0.1361112,273.3148,81.3045,187.5714
1,1.033335,0.3911966,-0.05340092,-0.07462424,-1.540552,-4.365049,-2.658683,0.5291903,1.181917,0.2952485,0.08466392,0.06104754,0.01168496,-1.569202,-4.230666,1.628253,0.3607162,1.094692,0.2192583,-0.04206739,0.317881,0.005499147,-0.644167,-4.142889,0.1637948,0.609006,1.39889,0.2641919,-0.2228215,0.1062748,0.1230495,-0.8388995,0.331244,0.2279948,0.7619981,1.456548,0.1165266,0.2168424,1.124689,0.1356481,273.3727,86.81847,181.974
1,1.044446,0.404299,-0.04773853,-0.08855978,-1.53979,-4.365829,-2.658951,0.5284404,1.181849,0.2947736,0.06976727,0.06537634,0.02421148,-1.568578,-4.23119,1.623255,0.3599119,1.094138,0.2190626,-0.0355833,0.3113847,0.02139911,-0.6428642,-4.137801,0.1598831,0.6081195,1.398831,0.2633915,-0.2154007,0.1136931,0.1144619,-0.8376195,0.3329311,0.2290108,0.7614022,1.456482,0.116035,0.2159665,1.123671,0.1350963,273.4659,90.78739,177.8826
1,1.055557,0.4048961,-0.04459354,-0.09615389,-1.538826,-4.36655,-2.65873,0.5277017,1.181792,0.2943835,0.05101116,0.07189716,0.03276122,-1.56786,-4.231589,1.618586,0.3590981,1.093656,0.2189493,-0.04869978,0.2518626,0.0051957,-0.6433595,-4.136139,0.1595902,0.6072344,1.398814,0.2626987,-0.1973695,0.1306463,0.09406187,-0.8368174,0.3355227,0.2287533,0.760847,1.45631,0.1155655,0.2151535,1.122696,0.1348496,273.5759,91.7662,176.6723
1,1.066668,0.3806131,-0.04254357,-0.1042255,-1.537878,-4.366863,-2.659572,0.5269206,1.181792,0.2940893,0.055877,0.07596146,0.03294154,-1.566893,-4.231972,1.614966,0.358418,1.093261,0.2186487,-0.06601667,0.2147334,-0.01405277,-0.6440994,-4.133986,0.1592363,0.6064326,1.398796,0.261996,-0.1963282,0.1348925,0.08871579,-0.8357005,0.3373113,0.229765,0.7603245,1.456145,0.114984,0.2145436,1.121853,0.1350459,273.5463,96.99003,171.4664
1,1.077779,0.3518342,-0.03287349,-0.1007235,-1.536239,-4.366805,-2.661397,0.526194,1.181799,0.2936494,0.08922296,0.08991858,0.02266831,-1.566389,-4.232497,1.611911,0.3577285,1.092841,0.2185681,-0.07681978,0.1860418,-0.02051301,-0.6443816,-4.132146,0.159011,0.6055938,1.398755,0.2612579,-0.1888983,0.1359258,0.08439969,-0.8346075,0.3390846,0.230414,0.7598026,1.456084,0.1145484,0.2137426,1.120973,0.1348304,273.544,102.7688,165.7655
1,1.08889,0.311522,-0.0301211,-0.119549,-1.534722,-4.366706,-2.663286,0.5254453,1.181727,0.2932055,0.1129424,0.09772225,0.01787411,-1.564778,-4.233184,1.609633,0.3571525,1.092529,0.2187009,-0.07248505,0.2019849,-0.01620653,-0.6438922,-4.127266,0.1558937,0.604797,1.398722,0.2605009,-0.1931702,0.1412638,0.08016144,-0.8334336,0.3411962,0.231319,0.7593027,1.456013,0.1140897,0.2131152,1.120277,0.1352253,273.5637,108.0302,160.69
1,1.100002,0.2860446,-0.02359674,-0.1331454,-1.532895,-4.367593,-2.665083,0.5248498,1.18171,0.2927966,0.1289613,0.1089917,0.03286657,-1.563426,-4.23395,1.606957,0.3565094,1.092234,0.2189016,-0.07450394,0.2222056,-0.01076212,-0.6433526,-4.122047,0.1526082,0.6039597,1.398685,0.259732,-0.1889168,0.1412477,0.07906568,-0.832249,0.3430013,0.232054,0.7587844,1.455934,0.1136661,0.212403,1.119502,0.1352621,273.574,110.2904,158.5342
1,1.111113,0.2728539,-0.009431485,-0.1390089,-1.531654,-4.368612,-2.665828,0.524286,1.181715,0.2924314,0.1177132,0.1088904,0.04607826,-1.562397,-4.235141,1.604217,0.3559071,1.091913,0.2189589,-0.0742152,0.2636536,0.008623116,-0.6418932,-4.114955,0.1477511,0.6031723,1.398657,0.2590075,-0.1803917,0.1284518,0.08435015,-0.8309302,0.3441201,0.2329094,0.7582337,1.455911,0.1133175,0.2116865,1.11878,0.1352768,273.5465,110.3735,158.4157
1,1.122224,0.2636391,0.009600766,-0.1313164,-1.530901,-4.369876,-2.665875,0.5238827,1.18164,0.2920601,0.09100647,0.0983106,0.0625487,-1.561988,-4.236354,1.601452,0.3553141,1.091496,0.2186437,-0.07085767,0.287024,0.01937135,-0.6406937,-4.1084,0.1431628,0.602425,1.398652,0.2583005,-0.1697982,0.1198867,0.08002698,-0.8299438,0.3452258,0.2337108,0.7577611,1.455828,0.1129124,0.2109852,1.11797,0.1353095,273.481,110.8315,157.9079
1,1.133335,0.248036,0.02593472,-0.1203189,-1.530535,-4.371254,-2.665674,0.5235252,1.181552,0.2917459,0.0679205,0.083405,0.08200704,-1.561812,-4.237624,1.5992,0.3549091,1.091232,0.2186964,-0.06993172,0.2817757,0.004429772,-0.6407198,-4.103351,0.1400136,0.6017478,1.398707,0.2577329,-0.1592436,0.1177008,0.06610138,-0.8294554,0.3468845,0.2339512,0.7574228,1.455735,0.1123927,0.2104197,1.11711,0.1355185,273.3165,110.4245,158.2506
1,1.144446,0.2291043,0.04226177,-0.1100652,-1.530495,-4.372893,-2.665914,0.5232489,1.181529,0.29161,0.05721269,0.06441372,0.1018361,-1.561761,-4.238933,1.597178,0.3546031,1.091029,0.2188678,-0.05819085,0.2582223,0.01914401,-0.6396982,-4.100074,0.137724,0.6014996,1.398707,0.2570865,-0.1497962,0.09315008,0.0575505,-0.8290692,0.3470708,0.2351662,0.7570262,1.45564,0.1119254,0.2098102,1.116497,0.1358809,273.1063,110.6907,157.9501
1,1.155557,0.2090388,0.06323162,-0.1051973,-1.530276,-4.37449,-2.666716,0.5229604,1.18148,0.2912676,0.06155265,0.05148457,0.112844,-1.561714,-4.240699,1.595537,0.3543584,1.09075,0.2189629,-0.04758132,0.2368578,0.02534661,-0.6389254,-4.096746,0.135352,0.6008273,1.398628,0.2563975,-0.1434799,0.06757179,0.05967459,-0.8283752,0.3468485,0.2367987,0.7566601,1.455581,0.1114748,0.2092362,1.115779,0.1360377,272.874,110.2643,158.407
1,1.166668,0.1951753,0.07932498,-0.09774981,-1.530347,-4.376207,-2.668359,0.5227069,1.181493,0.2910235,0.0767314,0.03093392,0.1248038,-1.561779,-4.242335,1.593752,0.3540038,1.090242,0.2186644,-0.02842417,0.1866042,0.0494483,-0.6375299,-4.09614,0.1347528,0.6003304,1.398587,0.2559574,-0.1413177,0.06118765,0.06713936,-0.8270788,0.3472524,0.2380538,0.7562109,1.455593,0.1110606,0.2086801,1.115247,0.1363906,272.7074,111.1667,157.5841
1,1.17778,0.1801509,0.09926897,-0.08467475,-1.530508,-4.377576,-2.669811,0.5224825,1.181358,0.2906594,0.08969411,0.01581044,0.1260908,-1.562338,-4.244166,1.592414,0.3537939,1.089877,0.2187274,-0.02753191,0.1578869,0.03970727,-0.6372966,-4.094832,0.1339653,0.5998206,1.398534,0.2554152,-0.123166,0.06007126,0.0734029,-0.8259475,0.3477569,0.2384501,0.755802,1.455532,0.110667,0.208226,1.114601,0.1365882,272.6131,111.8552,156.9964
1,1.188891,0.1743047,0.1049193,-0.07340629,-1.530616,-4.378693,-2.67127,0.5222006,1.181225,0.2904332,0.09794289,0.005613744,0.1280396,-1.562772,-4.245565,1.590795,0.3534794,1.089447,0.2186146,-0.03324459,0.1197327,0.006523713,-0.6383927,-4.094167,0.1341496,0.5993549,1.39836,0.2549577,-0.1125031,0.05685219,0.0754677,-0.8248758,0.3483982,0.2388453,0.7554872,1.455418,0.1103153,0.2078457,1.114147,0.1371075,272.6116,111.6115,157.3756
1,1.200002,0.1703988,0.1189551,-0.06169244,-1.53104,-4.380341,-2.672435,0.522043,1.18102,0.2901139,0.09809549,-0.007808357,0.1336399,-1.563587,-4.24737,1.589221,0.3532951,1.08905,0.2186706,-0.03231821,0.1198267,-0.01265862,-0.6390207,-4.091861,0.1326379,0.5989256,1.398228,0.2545068,-0.1072862,0.0493582,0.06372371,-0.8244795,0.3486866,0.2396722,0.7551701,1.455324,0.1099653,0.2075612,1.113621,0.137342,272.6478,112.1396,157.0585
1,1.211113,0.1567842,0.1300886,-0.04725074,-1.531745,-4.38181,-2.67297,0.5217725,1.180715,0.2898431,0.08212737,-0.02154247,0.1386743,-1.564467,-4.248933,1.588114,0.3530315,1.088536,0.2183764,-0.01523601,0.1346897,-0.01271189,-0.638838,-4.088116,0.1294291,0.598503,1.398146,0.2540851,-0.1019942,0.0482704,0.05943519,-0.8237935,0.349215,0.2403013,0.7548599,1.455206,0.1095695,0.2072397,1.113065,0.1376608,272.6422,112.3865,156.9797
1,1.222224,0.155311,0.136725,-0.03616035,-1.532537,-4.383525,-2.673258,0.5216596,1.180505,0.289572,0.06635785,-0.03398584,0.1431706,-1.56533,-4.25048,1.586611,0.3527691,1.088163,0.2182801,0.01368739,0.1558332,-0.001094848,-0.6381376,-4.084102,0.1250434,0.5981547,1.398031,0.2536645,-0.09243977,0.04077909,0.05831315,-0.8231708,0.3492836,0.2409724,0.7545277,1.455126,0.1092074,0.2069862,1.112594,0.1378509,272.6475,112.3676,157.1022
1,1.233335,0.1514045,0.148705,-0.01198728,-1.534209,-4.385741,-2.672596,0.5215911,1.180304,0.2893062,0.03006973,-0.06102754,0.155323,-1.567053,-4.252064,1.585342,0.3526381,1.087867,0.2182572,0.02441294,0.1472071,0.01369205,-0.63736,-4.081769,0.1226287,0.5977913,1.397976,0.253283,-0.07751559,0.03541429,0.06248983,-0.8220773,0.3493927,0.2412933,0.7541699,1.455153,0.1088228,0.2065919,1.112193,0.1381581,272.5778,111.7369,157.7781
1,1.244446,0.1412772,0.149658,-0.0063433,-1.535169,-4.387049,-2.672827,0.5215433,1.180161,0.2890489,0.02171689,-0.06877162,0.1508307,-1.567919,-4.253492,1.584292,0.3525621,1.087454,0.2177927,0.02757476,0.1269284,0.01889248,-0.6368896,-4.080697,0.1213517,0.5974619,1.397902,0.2528894,-0.0711118,0.03220177,0.06564479,-0.8212187,0.349454,0.2418094,0.7538184,1.455094,0.1084433,0.206332,1.11174,0.1382324,272.4893,110.2368,159.2891
1,1.255558,0.1075833,0.1423943,-0.002594454,-1.535905,-4.388115,-2.67361,0.5214753,1.180001,0.2887747,0.03172506,-0.06969498,0.1383577,-1.568588,-4.254609,1.584419,0.3525407,1.087305,0.2177677,0.02419541,0.08435322,0.01550375,-0.636887,-4.081402,0.1219081,0.5972409,1.397827,0.2525976,-0.05405401,0.01725882,0.07406853,-0.8201865,0.3489867,0.2421975,0.7535536,1.455036,0.1080596,0.2061909,1.111594,0.1387358,272.338,106.9632,162.438
1,1.266669,0.07038338,0.1307936,-0.007943528,-1.535948,-4.388564,-2.675371,0.5213828,1.179898,0.2885044,0.05798719,-0.05643204,0.1152413,-1.568706,-4.255601,1.585041,0.352535,1.087062,0.2177095,0.01985826,0.07054577,0.01119936,-0.6369381,-4.080647,0.1211893,0.5969515,1.397757,0.2522371,-0.04767571,0.01297617,0.07296853,-0.8193955,0.3488296,0.242541,0.7533354,1.454952,0.1077259,0.2059527,1.111091,0.1385961,272.2454,105.7832,163.5964
1,1.27778,0.07223943,0.1099285,-0.001907662,-1.536095,-4.389146,-2.676075,0.5213255,1.17976,0.288238,0.05859929,-0.04769294,0.09934431,-1.569199,-4.255976,1.584271,0.3525068,1.086836,0.2176435,0.01344284,0.06737885,0.011232,-0.6366952,-4.079439,0.1204585,0.5967276,1.397652,0.2518837,-0.0445792,0.008685336,0.06123439,-0.8191516,0.3486473,0.2430332,0.7531326,1.45485,0.1074483,0.205787,1.110741,0.1384796,272.1594,104.5821,164.7502
1,1.288891,0.06285299,0.09885304,0.00113056,-1.536913,-4.390012,-2.676674,0.5213856,1.179576,0.2879837,0.05580151,-0.05466866,0.09223759,-1.569749,-4.25664,1.583772,0.3523726,1.086582,0.2171807,0.01989977,0.08439828,0.01339737,-0.6363059,-4.076608,0.1178803,0.5964867,1.397636,0.2515931,-0.04357402,0.01504298,0.05055895,-0.8188214,0.3487377,0.2432925,0.7529155,1.45475,0.1071506,0.2055641,1.110372,0.1383008,272.1527,103.6918,165.6278
1,1.300002,0.05910678,0.08766583,0.00697759,-1.537703,-4.390466,-2.677053,0.5212954,1.179416,0.287667,0.04808035,-0.0596353,0.07968251,-1.570359,-4.25714,1.583398,0.3523201,1.086341,0.2169688,0.02426442,0.09819382,0.02089334,-0.6356316,-4.074018,0.1153759,0.5963076,1.397535,0.2513185,-0.04034979,0.01823756,0.05160203,-0.8181961,0.3492097,0.2433913,0.7527335,1.454661,0.1069205,0.2054099,1.109985,0.1380948,272.1329,104.4284,164.8941
1,1.311113,0.06044167,0.07634519,0.02050437,-1.538306,-4.390393,-2.677865,0.5211154,1.179214,0.287308,0.05090669,-0.05986795,0.05976475,4.711948,-4.257307,1.582813,0.3522233,1.086119,0.2167261,0.02309122,0.08011462,0.01654806,-0.6354973,-4.073275,0.1147117,0.5962138,1.397525,0.2510736,-0.03719029,0.02140991,0.04518491,-0.8177817,0.349517,0.2435144,0.7526327,1.454637,0.1066766,0.2052822,1.109616,0.1378353,272.0706,106.4875,162.8864
1,1.322224,0.06438337,0.06291849,0.02985591,-1.538905,-4.39038,-2.678391,0.5209922,1.179092,0.2869718,0.04820166,-0.05977657,0.0453591,4.711181,-4.257349,1.582085,0.3521923,1.085745,0.2162995,0.01010115,0.04186393,0.006858416,-0.6358473,-4.074399,0.1159221,0.5960538,1.39749,0.2507756,-0.03513265,0.01180846,0.03986194,-0.8175234,0.3491804,0.2440824,0.7524356,1.454572,0.1063924,0.2051763,1.109257,0.1376137,272.0096,106.6997,162.6742
1,1.333336,0.07786129,0.04955036,0.03781213,-1.53904,-4.389803,-2.678626,0.5209669,1.178988,0.2865391,0.04052127,-0.05150017,0.02011181,4.710364,-4.257178,1.580892,0.3521518,1.085516,0.2159848,-0.01474558,-0.01975253,-0.009257195,-0.6367688,-4.078012,0.1199363,0.5959224,1.397358,0.250488,-0.03945574,-0.007349472,0.04098875,-0.817208,0.3480863,0.2454729,0.752291,1.454351,0.1059999,0.205102,1.108997,0.137238,271.9444,104.2789,165.0404
1,1.344447,0.09777702,0.02992789,0.04063001,-1.53965,-4.38988,-2.678608,0.520888,1.178832,0.2862396,0.02571248,-0.0500999,0.01806252,4.70978,-4.256803,1.57924,0.352086,1.085304,0.2157006,-0.02437292,-0.03464093,-0.007131496,-0.6368252,-4.079275,0.1215584,0.5957839,1.39722,0.2501602,-0.0394576,-0.009482283,0.0409941,-0.816774,0.3476807,0.2461203,0.7521422,1.454256,0.105731,0.2050152,1.1087,0.1368919,271.9384,99.50893,169.7718
1,1.355558,0.0998,0.01266741,0.03423481,-1.540281,-4.390097,-2.677534,0.5207784,1.178653,0.2858758,-0.00638104,-0.04875537,0.01781298,4.709657,-4.256386,1.578052,0.3518934,1.085091,0.2153621,-0.01338376,0.02275078,0.01225568,-0.6357093,-4.075871,0.1187645,0.5956314,1.397115,0.2498093,-0.04576824,0.006517868,0.04421367,-0.8160085,0.3481381,0.2464673,0.7520134,1.454161,0.1055851,0.2048366,1.108317,0.1365074,271.9771,97.28204,172.0287
1,1.366669,0.09130415,0.007383499,0.02967486,-1.541041,-4.390177,-2.676923,0.520653,1.178484,0.2855449,-0.02338914,-0.04797963,0.01527612,4.709311,-4.25633,1.577474,0.3517934,1.084825,0.2150171,-0.007922098,0.0706882,0.009263441,-0.6354217,-4.071827,0.1155538,0.5954769,1.396935,0.249505,-0.03933106,0.01821087,0.04521422,-0.8153374,0.3486702,0.2463637,0.7520264,1.454106,0.1054053,0.2046987,1.108027,0.1358595,272.0018,97.42765,171.9212
1,1.37778,0.08381671,0.01629053,0.03248163,-1.541527,-4.389918,-2.676024,0.5203667,1.178229,0.285068,-0.03866611,-0.04414217,0.006056702,4.708623,-4.256569,1.576881,0.3514947,1.084572,0.214678,-0.007924199,0.1176795,-0.01393514,-0.6359938,-4.066786,0.1115838,0.5952612,1.396766,0.2491794,-0.03295689,0.02670124,0.03876255,-0.8149587,0.3493879,0.2460407,0.751948,1.454031,0.1052389,0.2044421,1.107702,0.1354785,272.0099,100.9548,168.4095
1,1.388891,0.08340082,0.02783595,0.03891358,-1.542207,-4.389834,-2.675699,0.5201782,1.178121,0.284672,-0.04100405,-0.04677279,0.00212526,4.70757,-4.256961,1.576038,0.3513332,1.084395,0.2142892,-0.01662016,0.1263748,-0.04045718,-0.637058,-4.0638,0.1098615,0.5950925,1.396655,0.2488563,-0.02985719,0.02027482,0.02703101,-0.8150812,0.349279,0.2461898,0.751902,1.453952,0.1050546,0.2042963,1.10726,0.1350999,271.9827,105.039,164.2627
1,1.400002,0.09016079,0.04396608,0.04797497,-1.543354,-4.390387,-2.675402,0.5200455,1.177987,0.2842429,-0.04096659,-0.05968065,0.01363185,4.706185,-4.257564,1.575006,0.3511671,1.084165,0.2139819,-0.02423975,0.08166622,-0.04169853,-0.6376274,-4.064633,0.1109638,0.5949919,1.396558,0.24859,-0.02885982,0.0117405,0.02171051,-0.8150604,0.3490551,0.2466449,0.7518222,1.453865,0.1048477,0.2039881,1.106855,0.134654,271.9066,107.6019,161.553
1,1.411114,0.1055021,0.05456637,0.05124121,-1.544745,-4.39107,-2.675083,0.5199242,1.177867,0.2838721,-0.04323675,-0.07328177,0.02690322,4.704947,-4.258128,1.573442,0.3511015,1.083921,0.2134345,-0.03399334,0.01773882,-0.03237198,-0.6379501,-4.067468,0.1140246,0.5948935,1.396506,0.248414,-0.02461752,0.001072224,0.02383025,-0.8147664,0.3483693,0.2472236,0.7517569,1.453778,0.1045871,0.2036944,1.10636,0.1339612,271.7785,109.3549,159.6762
1,1.422225,0.1134948,0.0481481,0.05067224,-1.546003,-4.392051,-2.674933,0.5198317,1.177781,0.2834604,-0.03964265,-0.08238311,0.04175851,4.704117,-4.258174,1.572022,0.3509716,1.083674,0.2130125,-0.0393646,-0.01424705,-0.02290825,-0.6380369,-4.069248,0.1160606,0.5947924,1.396474,0.2481527,-0.01930964,0.001048245,0.0206002,-0.8146061,0.348356,0.2472045,0.7515579,1.453776,0.1043444,0.2034826,1.105897,0.1334653,271.6478,111.1291,157.8228
1,1.433336,0.1231936,0.03628821,0.05143681,-1.546658,-4.392079,-2.674852,0.5196692,1.177729,0.2830739,-0.03227614,-0.07768033,0.03276943,4.703332,-4.257987,1.570434,0.3508717,1.083467,0.2126312,-0.03618471,-0.0430867,-0.01029676,-0.6379166,-4.071625,0.118345,0.5946797,1.396467,0.2479086,-0.02134319,0.002134565,0.033398,-0.8138461,0.3480705,0.2477043,0.7514307,1.453784,0.1040587,0.2034275,1.105425,0.1328402,271.4958,112.1407,156.8177
1,1.444447,0.1265147,0.02215311,0.04479339,-1.54696,-4.391527,-2.67507,0.5194943,1.177534,0.2825685,-0.02016319,-0.06541234,0.01013695,4.70293,-4.25776,1.568922,0.3507665,1.0832,0.2121615,-0.04251026,-0.04416852,-0.0006678216,-0.637704,-4.072099,0.1193706,0.5945411,1.39635,0.2475264,-0.02124381,-0.001043865,0.04725317,-0.8128921,0.3475107,0.2482048,0.7513055,1.45376,0.1038458,0.2032686,1.104842,0.1320661,271.3998,110.2064,158.7498
1,1.455558,0.1205119,0.005504748,0.04445162,-1.546645,-4.390143,-2.675734,0.5192718,1.177402,0.2821288,0.001031798,-0.04419456,-0.0226373,4.702603,-4.257138,1.567811,0.3506484,1.08293,0.2117467,-0.05093025,-0.002560157,-0.006787537,-0.6378079,-4.06989,0.1184183,0.5943371,1.396209,0.2472041,-0.02338521,0.003205545,0.04407499,-0.8123803,0.3472393,0.2487536,0.7511482,1.453694,0.1036215,0.2032173,1.1044,0.1316204,271.3203,106.4912,162.4652
1,1.466669,0.108665,-0.005797572,0.04463569,-1.54669,-4.38943,-2.676101,0.5190793,1.177222,0.281661,0.009229258,-0.0346853,-0.03622876,4.702208,-4.256512,1.567043,0.3504252,1.082526,0.2111676,-0.04979162,0.03049567,-0.01196298,-0.6380689,-4.067245,0.1168952,0.5941402,1.396077,0.246948,-0.02126684,0.009578202,0.03978824,-0.8120548,0.347483,0.2488106,0.7511325,1.453646,0.1034362,0.2031554,1.103884,0.1309842,271.2474,103.6629,165.2939
1,1.47778,0.09684996,-0.0007504942,0.05113816,-1.547274,-4.388592,-2.676286,0.5189682,1.176981,0.281251,0.008868048,-0.03988421,-0.04482067,4.701363,-4.256316,1.566467,0.3503753,1.082218,0.2107985,-0.05084328,0.07320793,-0.03091438,-0.638781,-4.063331,0.1143308,0.5938792,1.395964,0.2466247,-0.0276615,0.02237366,0.03342317,-0.8117512,0.3483419,0.2487414,0.7510092,1.453609,0.1032703,0.2031807,1.103468,0.1305898,271.1899,101.4712,167.5117
1,1.488891,0.09485884,0.00434008,0.05849484,-1.548278,-4.388642,-2.676468,0.5188993,1.176772,0.2809448,0.008229596,-0.05035752,-0.03579868,4.700427,-4.256219,1.565463,0.3502982,1.081644,0.2095504,-0.04552379,0.09775734,-0.04361436,-0.6394867,-4.060157,0.1121244,0.5936712,1.395848,0.2463357,-0.03403607,0.02984965,0.03239025,-0.8113278,0.3489605,0.2489211,0.7510235,1.453597,0.1030815,0.2031298,1.103094,0.1302813,271.1194,101.8212,167.1864
1,1.500003,0.1038236,0.02669773,0.0723896,-1.550376,-4.389607,-2.676097,0.5190297,1.17651,0.2805791,-0.0078199,-0.08241396,-0.006877195,4.698594,-4.25664,1.564249,0.3503439,1.081288,0.2092505,-0.04127938,0.1276566,-0.0605385,-0.6404892,-4.055783,0.1089291,0.5934574,1.395718,0.2460043,-0.03402046,0.02985295,0.0345208,-0.8107839,0.3492243,0.2491126,0.7508892,1.453592,0.1028986,0.2032208,1.10268,0.1298932,271.0898,105.4645,163.6253
1,1.511114,0.1176666,0.04278168,0.07665695,-1.551909,-4.390354,-2.676027,0.5190625,1.176251,0.2802093,-0.01344359,-0.0957038,0.01087206,4.697051,-4.257143,1.562656,0.350386,1.080839,0.2086115,-0.03274084,0.1414959,-0.06373635,-0.6411549,-4.052332,0.1064135,0.5933281,1.395618,0.2457852,-0.02970194,0.03728729,0.03981224,-0.8099461,0.3494821,0.2491837,0.7507679,1.453553,0.1027184,0.2030294,1.102193,0.1292038,271.081,108.3629,160.7459
1,1.522225,0.120354,0.05606097,0.07907575,-1.553491,-4.391644,-2.67595,0.5191364,1.176018,0.2798302,-0.01684693,-0.1065052,0.0348906,4.69552,-4.257727,1.56143,0.3504051,1.080483,0.208334,-0.0231344,0.1467882,-0.06377903,-0.6416679,-4.049185,0.103806,0.5931753,1.395458,0.2454817,-0.02541802,0.03940662,0.04190824,-0.8093123,0.3499818,0.2489688,0.7506483,1.453582,0.1025341,0.2030094,1.101735,0.128859,271.094,111.0335,158.1141
1,1.533336,0.1245619,0.06083515,0.06274701,-1.554326,-4.392262,-2.676316,0.5191093,1.175791,0.2794917,-0.01292988,-0.09946017,0.04350574,4.694942,-4.258409,1.559988,0.3504048,1.080185,0.2080166,-0.02417412,0.1499802,-0.06162683,-0.6421536,-4.046203,0.1017543,0.593111,1.395258,0.2453499,-0.02005058,0.03727189,0.04933224,-0.8083908,0.3501787,0.2489824,0.75063,1.453588,0.1023488,0.2028702,1.101218,0.1284971,271.1572,115.0727,154.0885
1,1.544447,0.1233013,0.06998565,0.05227695,-1.554989,-4.392642,-2.676587,0.5190947,1.175551,0.2791069,-0.006270763,-0.09076095,0.04128554,4.69407,-4.25931,1.55873,0.3503893,1.079875,0.2077284,-0.02095056,0.1382026,-0.05212317,-0.642314,-4.044288,0.1003548,0.5929508,1.395149,0.2451291,-0.01469003,0.0298061,0.05676284,-0.8074949,0.3499084,0.2490966,0.7506042,1.453555,0.1022406,0.2028381,1.100818,0.1285249,271.1889,121.2078,147.9733
1,1.555558,0.1117778,0.07867464,0.04722618,-1.555513,-4.392898,-2.677403,0.5189986,1.175296,0.27882,0.01092513,-0.08387269,0.03809748,4.693136,-4.260219,1.558019,0.3504419,1.079579,0.2076011,-0.02107698,0.1094636,-0.05545947,-0.6429121,-4.043637,0.1000448,0.5927953,1.395063,0.2449436,-0.01366892,0.03299139,0.05036027,-0.8070012,0.3504695,0.2489366,0.7505434,1.453529,0.1022184,0.2028361,1.100378,0.1283816,271.1795,125.111,144.0294
1,1.566669,0.0999678,0.08512335,0.05169601,-1.556463,-4.393721,-2.678039,0.5190102,1.17508,0.2785661,0.01805347,-0.08490048,0.04548993,4.691907,-4.26093,1.557451,0.3505843,1.079157,0.2070844,-0.03087889,0.07334418,-0.06728954,-0.6440679,-4.043855,0.1008765,0.5926738,1.39504,0.2448485,-0.01795761,0.04257877,0.04185357,-0.8066683,0.3515088,0.2485464,0.7505185,1.453508,0.1021452,0.2028389,1.099952,0.1284006,271.1011,125.4016,143.6617
1,1.577781,0.08958744,0.09765819,0.05408429,-1.557934,-4.394829,-2.678652,0.5191993,1.174887,0.2783527,0.02232161,-0.09809232,0.05843148,4.690526,-4.262054,1.557026,0.3507941,1.078907,0.207037,-0.03320562,0.04465456,-0.08020315,-0.6454203,-4.044408,0.1017591,0.5925738,1.39499,0.2447486,-0.02866242,0.05644244,0.0291231,-0.8065591,0.3530328,0.2482727,0.7505064,1.453517,0.1021962,0.2028714,1.09949,0.1282608,270.9258,125.5538,143.3961
1,1.588892,0.08908308,0.1064782,0.06164608,-1.559473,-4.396082,-2.678991,0.5194348,1.174714,0.2782221,0.02156327,-0.1087437,0.069718,4.688873,-4.263032,1.556165,0.3510573,1.078553,0.2068629,-0.03325687,0.0393579,-0.08448921,-0.6463955,-4.04344,0.1013575,0.5924435,1.394953,0.2445695,-0.03401079,0.05858449,0.02489651,-0.8062401,0.3538958,0.2481893,0.7504983,1.453517,0.1021283,0.202866,1.098916,0.1278383,270.7616,127.5739,141.3298
1,1.600003,0.08331587,0.09797182,0.06561363,-1.560587,-4.396869,-2.679928,0.5196005,1.174572,0.2781091,0.03332757,-0.1088741,0.06966875,4.687622,-4.263403,1.555591,0.351338,1.078356,0.2068391,-0.0214464,0.04352298,-0.07390025,-0.646787,-4.04233,0.100288,0.5923533,1.394905,0.2444482,-0.03186882,0.05964417,0.02594446,-0.8057442,0.3547115,0.2479272,0.7504704,1.453546,0.1020865,0.203138,1.098542,0.1278322,270.4997,133.121,135.8434
1,1.611114,0.06832698,0.0801494,0.06252781,-1.56109,-4.396612,-2.681139,0.5196929,1.174377,0.2780056,0.04865688,-0.09574974,0.05035637,4.686968,-4.263371,1.555598,0.3516002,1.077991,0.2066019,-0.01710289,0.03918214,-0.06010285,-0.6468706,-4.041625,0.09979184,0.5922629,1.394806,0.2442946,-0.02234178,0.05214421,0.02055495,-0.8056542,0.3550778,0.2475238,0.7504796,1.453519,0.1019988,0.2033135,1.098139,0.1275925,270.3438,140.5227,128.5232
1,1.622225,0.05893163,0.05071312,0.05118442,-1.560741,-4.39584,-2.681799,0.5198916,1.174204,0.277957,0.05237364,-0.06711714,0.02205577,4.687061,-4.262854,1.555296,0.351896,1.077759,0.2065799,-0.02134061,0.03490902,-0.05476722,-0.6472552,-4.041176,0.09981129,0.5921776,1.394737,0.2441554,-0.02236109,0.05107567,0.01842606,-0.8053889,0.3557384,0.2473091,0.7504607,1.45353,0.1019583,0.2036929,1.097928,0.1276942,270.1898,130.9226,138.2415
1,1.633336,0.05604189,0.03456268,0.03814128,-1.560975,-4.395275,-2.682301,0.5201672,1.173949,0.2779117,0.04896158,-0.05687518,0.005267824,4.687031,-4.262696,1.554633,0.3521001,1.07742,0.2064219,-0.01367726,0.0550341,-0.03661209,-0.646966,-4.039058,0.09803309,0.5920819,1.394539,0.2439775,-0.02770969,0.05428958,0.01420349,-0.8051556,0.3568306,0.2471246,0.7503836,1.453384,0.1018629,0.2040017,1.097615,0.1277057,270.229,75.62083,193.6315
1,1.644447,0.05895824,0.03660801,0.03306878,-1.561265,-4.395359,-2.682931,0.5204146,1.173743,0.2778449,0.04971014,-0.05119748,0.005797976,4.68651,-4.263075,1.553927,0.3523997,1.077126,0.2065244,-0.007210113,0.07311744,-0.0355047,-0.6472483,-4.036568,0.09585968,0.5919908,1.394456,0.2438469,-0.02555888,0.05960866,0.01418106,-0.8047753,0.3579169,0.2465605,0.7502815,1.453421,0.1018302,0.2043469,1.097409,0.1278427,270.3572,57.51602,211.8125
1,1.655559,0.05947662,0.05636795,0.05062652,-1.56209,-4.396908,-2.683658,0.5207266,1.17356,0.2778034,0.0487861,-0.05766648,0.03724414,4.684754,-4.263748,1.553445,0.3527824,1.076899,0.2066433,0.006644204,0.09121718,-0.04296832,-0.6478203,-4.033647,0.09303327,0.5919609,1.394359,0.2437689,-0.02342921,0.06493086,0.0120224,-0.804526,0.3592732,0.2458548,0.7502943,1.453509,0.101876,0.2045775,1.09726,0.1278723,270.441,63.46852,206.0225
1,1.66667,0.05337802,0.07415538,0.04730865,-1.563615,-4.398148,-2.684229,0.5210932,1.173362,0.2777367,0.04337686,-0.07777824,0.05411,4.68367,-4.264783,1.553142,0.3530439,1.076456,0.2062998,0.02269843,0.1039211,-0.03876184,-0.6480169,-4.03113,0.09029261,0.5920223,1.394289,0.243767,-0.01917561,0.05853264,0.01413246,-0.8041782,0.3598478,0.2455528,0.7502514,1.45362,0.1018894,0.2047318,1.097017,0.1276954,270.5238,78.83727,190.7648
1,1.677781,0.04255608,0.1014477,0.04107088,-1.565104,-4.400364,-2.684439,0.521365,1.173204,0.277735,0.03167979,-0.09192821,0.08890939,4.682507,-4.266545,1.553201,0.3532328,1.076338,0.2066369,0.03860029,0.09751052,-0.0463672,-0.6486923,-4.029554,0.08805769,0.592037,1.394225,0.2437427,-0.005305458,0.05103815,0.02043364,-0.8036797,0.3600975,0.244994,0.7502337,1.453659,0.1018493,0.2049016,1.096946,0.1279515,270.6221,95.80412,173.8708
1,1.688892,0.0418816,0.1147868,0.03201044,-1.56583,-4.401803,-2.684935,0.5216758,1.173131,0.2776227,0.02728149,-0.08950581,0.1016577,4.681658,-4.268077,1.552995,0.353488,1.076277,0.2070343,0.03747771,0.08367254,-0.04749742,-0.6492467,-4.028728,0.08708777,0.592081,1.39423,0.2437181,0.004272439,0.04248827,0.02357201,-0.8032706,0.3602402,0.2445964,0.7502583,1.453789,0.1018171,0.2049954,1.096753,0.1280104,270.6977,108.9396,160.7671
1,1.700003,0.04000109,0.1200537,0.01877713,-1.566235,-4.403072,-2.685288,0.5218849,1.173054,0.2776055,0.0265834,-0.07789813,0.105022,4.681165,-4.26955,1.552704,0.3536268,1.076189,0.2073541,0.02443289,0.03904708,-0.06147958,-0.650508,-4.030442,0.08864625,0.5921787,1.394183,0.2437205,0.009467803,0.0200877,0.01611047,-0.803488,0.3595234,0.2447962,0.7503015,1.453849,0.1018078,0.2050481,1.09653,0.1280528,270.7595,119.0548,150.6647
1,1.711114,0.03542407,0.1212659,0.004390828,-1.566627,-4.404132,-2.685606,0.5220445,1.173035,0.2776303,0.02284095,-0.06586223,0.1058869,4.680959,-4.270948,1.552455,0.3537704,1.076187,0.2076757,0.006143248,-0.01416448,-0.05948534,-0.6512371,-4.033595,0.09183112,0.5922619,1.394178,0.2437871,0.01793843,0.02431201,0.007522762,-0.8035098,0.3602627,0.2438875,0.7504518,1.453775,0.1017168,0.2050717,1.096446,0.1283277,270.8463,126.3741,143.3752
1,1.722225,0.02903474,0.1105798,-0.01693821,-1.566323,-4.405397,-2.685949,0.5221897,1.173004,0.2776701,0.02443729,-0.04540791,0.1079403,4.681368,-4.27204,1.552272,0.3538536,1.076055,0.2077003,0.01242874,-0.04934888,-0.05758577,-0.6520398,-4.036217,0.09346896,0.5923882,1.394107,0.2438045,0.01797129,0.03710162,0.005370725,-0.8032984,0.361663,0.2426326,0.7504569,1.453748,0.1017053,0.2050995,1.096425,0.1287175,270.9268,131.9102,137.8661
1,1.733337,0.02304646,0.1033624,-0.02685926,-1.566118,-4.40648,-2.685873,0.5223306,1.173018,0.2777727,0.01692329,-0.02950548,0.106788,4.681543,-4.273142,1.552204,0.3539013,1.07606,0.2080493,0.02626273,-0.06434494,-0.05137203,-0.6525368,-4.038052,0.09422583,0.5924247,1.394077,0.2438138,0.01795255,0.03390414,0.00431039,-0.8032355,0.3620377,0.242173,0.750474,1.453779,0.101651,0.2050634,1.096354,0.129025,270.9844,136.5253,133.2631
1,1.744448,0.01869344,0.08586016,-0.04263608,-1.565467,-4.4072,-2.685786,0.5224231,1.173029,0.2779009,0.01382855,-0.00736367,0.09486327,4.682153,-4.273961,1.55213,0.3539214,1.076015,0.2081962,0.02206927,-0.06971745,-0.03859086,-0.6527429,-4.039346,0.09525488,0.592466,1.394047,0.2438304,0.02432479,0.006198699,0.01496285,-0.8028871,0.36059,0.2427647,0.7504333,1.453854,0.1016665,0.2049823,1.096278,0.1291738,270.9467,139.9121,129.8674
1,1.755559,0.0159525,0.06213713,-0.04704009,-1.564548,-4.407373,-2.686036,0.5224506,1.173058,0.2779737,0.0193125,0.01322975,0.0770231,4.682798,-4.274142,1.551967,0.3539118,1.076112,0.2085524,0.01268321,-0.0570068,-0.01715276,-0.6523051,-4.039747,0.09572759,0.5925148,1.394087,0.2438118,0.02855565,0.001919782,0.0128075,-0.8028451,0.3603908,0.2424449,0.7504505,1.453882,0.1016397,0.20495,1.096246,0.1295445,270.8458,138.7424,131.0103
1,1.76667,0.01332582,0.03887968,-0.05052288,-1.563652,-4.407463,-2.685882,0.522515,1.173023,0.2781048,0.01678518,0.03005946,0.05889862,4.683503,-4.274095,1.551908,0.3539812,1.076079,0.2086256,0.009620786,-0.04427236,-0.004279004,-0.6519173,-4.039835,0.09584744,0.5925413,1.394088,0.2437751,0.02962332,0.001921125,0.01280567,-0.8026107,0.3605214,0.2419761,0.7504791,1.453899,0.101687,0.2049834,1.096177,0.1298122,270.7523,137.4258,132.3405
1,1.777781,0.01339586,-0.00483036,-0.06088296,-1.562098,-4.406152,-2.685972,0.5225094,1.173157,0.2783158,0.01972404,0.05743837,0.0166915,4.685085,-4.273123,1.551524,0.3539803,1.076254,0.2089386,-0.0008785632,-0.02191225,0.005495633,-0.6515706,-4.039112,0.09559043,0.5926059,1.394078,0.2437432,0.01995875,0.004065999,0.001155435,-0.8029606,0.3608284,0.2418627,0.7505351,1.4539,0.1017432,0.2050339,1.09612,0.1300944,270.6237,131.8851,137.941
1,1.788892,0.006778374,-0.02056112,-0.06878369,-1.561126,-4.405757,-2.685995,0.522489,1.173319,0.2784967,0.01946172,0.06816794,0.002886118,4.686299,-4.27293,1.551523,0.354034,1.076506,0.2095544,-0.0007507517,-0.001715348,0.01411875,-0.6510987,-4.038093,0.09487352,0.5926884,1.394162,0.2438424,0.012491,-0.0001569847,0.002284533,-0.8028584,0.3608121,0.2420595,0.7506033,1.453911,0.1016765,0.2050537,1.096097,0.1304999,270.5651,126.7778,143.0808
1,1.800003,0.008130104,-0.02506598,-0.07271821,-1.560026,-4.405408,-2.685892,0.5225528,1.173375,0.2786736,0.0155376,0.07694287,-0.006250327,4.687305,-4.272954,1.551265,0.3540704,1.076611,0.2099249,0.0121189,0.0238102,0.01308845,-0.6509309,-4.036236,0.09279918,0.5927792,1.394151,0.2438672,0.01355433,-0.001227092,0.002277494,-0.8028322,0.3607345,0.2419008,0.750702,1.453911,0.101675,0.2051054,1.096074,0.1308119,270.5264,123.736,146.1404
1,1.811115,0.01030297,-0.0189988,-0.06769005,-1.55926,-4.405516,-2.686034,0.5227022,1.173465,0.2788255,0.01821603,0.07414461,-0.001399523,4.687819,-4.273154,1.550988,0.3541109,1.076669,0.2102971,0.01953992,0.0302127,0.005612767,-0.6510635,-4.035356,0.09168172,0.5928556,1.394211,0.2439165,0.01774673,-0.01296348,-0.0009345124,-0.8031156,0.3601277,0.2420305,0.7508126,1.453965,0.1016035,0.2051604,1.096151,0.1311999,270.5781,131.1783,138.7299
1,1.822226,0.010444,-0.008452078,-0.06583808,-1.558695,-4.406187,-2.686292,0.5228248,1.173532,0.279001,0.02006294,0.06751768,0.01341297,4.68831,-4.273744,1.550708,0.3541955,1.076702,0.2105319,0.0141455,0.007849644,0.00767165,-0.6509187,-4.036545,0.09273713,0.5929977,1.394233,0.2439065,0.02193677,-0.02575982,-0.005207391,-0.8034203,0.3594184,0.242071,0.7508509,1.453943,0.1015019,0.2052649,1.096186,0.1316033,270.7042,140.5374,129.4503
1,1.833337,0.01268512,-0.0004896079,-0.06178735,-1.558423,-4.406854,-2.686294,0.5230123,1.173625,0.2791507,0.01694045,0.05531987,0.02613191,4.688652,-4.274224,1.550452,0.3543,1.076777,0.2109685,0.007735018,-0.02094959,0.01929031,-0.6504659,-4.038588,0.09450174,0.5931615,1.394261,0.2439666,0.02297419,-0.02470465,-0.009477966,-0.8037298,0.3591888,0.2419423,0.7508923,1.45393,0.1014833,0.2053689,1.0963,0.1319691,270.8691,145.1054,124.9374
1,1.844448,0.01089148,0.01405206,-0.06167318,-1.55806,-4.407839,-2.686572,0.5231727,1.173602,0.2792251,0.01755735,0.0483508,0.04422403,4.688993,-4.275063,1.550303,0.3543776,1.076818,0.2112737,0.01093648,-0.03698416,0.02770685,-0.6499807,-4.040211,0.0955425,0.5932777,1.394267,0.2440293,0.01759176,-0.02789603,-0.01476324,-0.8042107,0.3586514,0.2423919,0.7509203,1.453954,0.1015019,0.2054109,1.096536,0.1324458,271.0283,146.5629,123.5082
1,1.855559,0.00413412,0.02331324,-0.06295734,-1.557714,-4.408836,-2.686548,0.5233805,1.173601,0.2794154,0.01336118,0.0440049,0.05596967,4.689412,-4.275901,1.550426,0.3544798,1.076899,0.2117841,0.0129585,-0.06040967,0.02438127,-0.6498837,-4.042582,0.09720059,0.5933924,1.394259,0.2440472,0.01444926,-0.02148688,-0.01048846,-0.804199,0.3586016,0.2423676,0.7509395,1.453976,0.10151,0.2054882,1.096736,0.1328894,271.1981,145.7389,124.3849
1,1.86667,-0.002760847,0.03207957,-0.06519428,-1.557344,-4.409746,-2.686138,0.5234818,1.173611,0.2796504,6.142189E-05,0.0432797,0.06503979,4.68996,-4.276853,1.550641,0.3545582,1.076825,0.2116799,0.01388061,-0.06031443,0.005199187,-0.6505527,-4.043408,0.09775985,0.5934825,1.394231,0.2441893,0.01453572,-0.01615157,-0.001973221,-0.8039183,0.358439,0.2422108,0.7510364,1.45401,0.1015935,0.2055316,1.096786,0.1330203,271.3464,145.4303,124.7389
1,1.877781,-0.01401516,0.040793,-0.06794293,-1.557081,-4.410603,-2.685719,0.5236488,1.173591,0.2798371,-0.009180879,0.03920339,0.06803745,4.690475,-4.277852,1.551127,0.3546105,1.076928,0.2122006,0.02977109,-0.04001768,-0.01718535,-0.6514518,-4.042868,0.09647887,0.5935385,1.394193,0.2442987,0.01772344,-0.01403302,-0.004125062,-0.8039796,0.3583812,0.2419485,0.7510478,1.454042,0.1016359,0.2056023,1.097015,0.1335627,271.5464,146.0836,124.1432
1,1.888893,-0.0192952,0.05135919,-0.06651311,-1.556873,-4.411834,-2.685174,0.5238212,1.173649,0.2801948,-0.01760857,0.03539857,0.07965687,4.690732,-4.278923,1.551429,0.3546554,1.076905,0.2124608,0.04142883,-0.02186681,-0.03422297,-0.6523216,-4.04226,0.09518511,0.593601,1.394172,0.244473,0.01665663,-0.01615244,-0.003055732,-0.8041266,0.3582028,0.241953,0.7511004,1.454033,0.1017711,0.2056405,1.097218,0.1342005,271.7206,147.3762,122.8994
1,1.900004,-0.02032981,0.06923357,-0.06217939,-1.556877,-4.41305,-2.684933,0.5240713,1.173715,0.2804451,-0.02122087,0.02666903,0.08807042,4.69066,-4.280393,1.551728,0.354802,1.076987,0.2130253,0.04891693,-0.0155075,-0.03318001,-0.6526518,-4.042251,0.0944261,0.5937495,1.394162,0.2445865,0.01984351,-0.01723163,-0.004143099,-0.8042597,0.3579002,0.2417847,0.7511801,1.454026,0.1018305,0.2057134,1.097437,0.1347939,271.9021,149.6526,120.6926
1,1.911115,-0.01674748,0.08011059,-0.04772941,-1.557075,-4.414686,-2.684958,0.5243299,1.173765,0.2807121,-0.01685942,0.01491441,0.1029422,4.690194,-4.281561,1.551808,0.3550078,1.07692,0.2131567,0.04794592,-0.01450711,-0.02038505,-0.6524841,-4.042625,0.09428576,0.593873,1.394237,0.2446985,0.02410633,-0.02043299,-0.002045444,-0.8043673,0.3575724,0.2416238,0.7512233,1.454006,0.101892,0.2057262,1.097612,0.1352947,271.9862,150.8929,119.5102
1,1.922226,-0.01313821,0.08453969,-0.04810514,-1.557227,-4.415839,-2.684941,0.524561,1.17385,0.2809973,-0.01462082,0.007406071,0.102991,4.690208,-4.282784,1.551841,0.355178,1.077024,0.2136836,0.04919248,-0.01570479,0.005167561,-0.6515669,-4.043123,0.09413342,0.5940638,1.394253,0.2448082,0.03478691,-0.02366304,0.003200448,-0.8043769,0.3569398,0.2413404,0.7513151,1.454029,0.1019104,0.205896,1.097813,0.1356232,271.9777,150.4398,120.0176
1,1.933337,-0.0118937,0.07342912,-0.04627165,-1.557023,-4.416673,-2.684838,0.5248045,1.173945,0.2813013,-0.01308059,0.00963787,0.09828177,4.69045,-4.283313,1.55179,0.3553632,1.076964,0.2137272,0.04608968,-0.0296478,0.02536115,-0.6507104,-4.044627,0.09499709,0.5942897,1.394345,0.2449841,0.03906858,-0.02686701,0.007434954,-0.8042555,0.3563465,0.2411785,0.7513821,1.454055,0.1019607,0.2060542,1.09799,0.136162,271.8546,149.3235,121.1434
1,1.944448,-0.01544391,0.05515631,-0.04249327,-1.556454,-4.416779,-2.684513,0.525042,1.174008,0.2816103,-0.01489723,0.02303457,0.07729832,4.690817,-4.283411,1.551986,0.3555486,1.076961,0.2137725,0.04398399,-0.0424717,0.03489748,-0.6501591,-4.046204,0.09580909,0.5944675,1.394397,0.2451465,0.04222284,-0.03326945,0.005295692,-0.8043226,0.35562,0.2411801,0.7514917,1.454075,0.1019578,0.2061947,1.098081,0.1364932,271.708,147.5428,122.9509
1,1.955559,-0.02186891,0.03376126,-0.04271936,-1.55582,-4.416579,-2.684164,0.5252727,1.174083,0.2819159,-0.01703537,0.03315446,0.05342962,4.691449,-4.283296,1.552357,0.3557403,1.07712,0.214179,0.04604644,-0.05631324,0.03268208,-0.649987,-4.047966,0.09663226,0.5946684,1.39446,0.2454052,0.04113156,-0.03859387,0.004246487,-0.8044728,0.3547838,0.2413506,0.7515574,1.454065,0.1020069,0.2064468,1.098224,0.1370459,271.5895,145.7708,124.8166
1,1.966671,-0.02330488,0.01323336,-0.04775497,-1.55513,-4.416386,-2.683689,0.5255757,1.174176,0.2822258,-0.01954534,0.04182085,0.03479787,4.692242,-4.283144,1.552492,0.3559471,1.07728,0.2145472,0.04915971,-0.0658768,0.02621203,-0.6501405,-4.049558,0.09725571,0.5949238,1.39456,0.2456858,0.03999416,-0.04074062,-0.004266853,-0.8049857,0.3540826,0.2414755,0.7517341,1.45409,0.1022098,0.2067083,1.098344,0.1373752,271.5329,144.6236,126.0664
1,1.977782,-0.02319631,0.008056139,-0.04151708,-1.554562,-4.416435,-2.683283,0.5259052,1.174234,0.2825379,-0.01882609,0.04470537,0.02434498,4.692416,-4.283223,1.552854,0.3561985,1.077428,0.2152469,0.04596034,-0.0690628,0.02728201,-0.6499104,-4.050997,0.09799554,0.5950455,1.394687,0.2459037,0.03251274,-0.04497481,-0.005265867,-0.8051583,0.3532838,0.2419674,0.751793,1.454083,0.1023009,0.2070448,1.098538,0.1378708,271.4429,142.3901,128.3671
1,1.988893,-0.03759165,0.00531959,-0.03192996,-1.554474,-4.416662,-2.68347,0.5262175,1.174266,0.2829025,-0.007415144,0.033597,0.02465659,4.692586,-4.283179,1.553654,0.3565683,1.077579,0.2157383,0.05028965,-0.05951735,0.03262863,-0.6493633,-4.051608,0.09784028,0.5952411,1.394723,0.2461126,0.03038542,-0.04815721,-0.00311223,-0.8052451,0.3524626,0.2422832,0.751845,1.454042,0.1023562,0.2073852,1.098697,0.1382302,271.3924,139.2524,131.534
1,2.000004,-0.0651008,0.006209671,-0.0282598,-1.5539,-4.416481,-2.684159,0.5265538,1.174296,0.2831473,0.0145296,0.03462595,0.01533587,4.692955,-4.283234,1.555254,0.357029,1.077802,0.2163272,0.05346869,-0.05844639,0.03048256,-0.6491184,-4.05255,0.0979468,0.5955024,1.394818,0.2463098,0.03356172,-0.04817365,-0.006328067,-0.805496,0.3517751,0.2421975,0.7519615,1.454023,0.1024609,0.2077531,1.098871,0.1384495,271.3814,137.8433,132.9917
1,2.011115,-0.1291637,0.007824607,-0.0364391,-1.552818,-4.415538,-2.68714,0.5268544,1.174327,0.2835066,0.08072974,0.04182368,-0.006940044,4.69396,-4.283545,1.558789,0.3575611,1.077982,0.2169082,0.04917289,-0.06374664,0.02835604,-0.6489586,-4.05404,0.09873137,0.5956956,1.394876,0.246511,0.03139314,-0.05456821,-0.008434574,-0.8059013,0.3505936,0.2427607,0.7520885,1.454071,0.1024909,0.208273,1.099205,0.1388239,271.3586,137.2952,133.5439
1,2.022226,-0.1390653,-0.01344769,-0.02799128,-1.551698,-4.41518,-2.688914,0.527217,1.174379,0.2838776,0.10369,0.05118508,-0.01207875,4.694556,-4.282775,1.560714,0.3581883,1.078152,0.2172606,0.04594094,-0.06798108,0.02515962,-0.648917,-4.055597,0.09955083,0.5959312,1.394895,0.2467074,0.03028641,-0.06309125,-0.01054305,-0.8063146,0.349279,0.2433288,0.7521628,1.454048,0.102581,0.2088601,1.09949,0.1392246,271.3013,136.0389,134.7945
